 1.82400000e+03 1.73800000e+03 1.82900000e+03 1.81900000e+03 1.82900000e+03 1.83000000e+03 3.38300000e+03 1.70300000e+03 1.90400000e+03 1.90500000e+03 1.90400000e+03 1.90600000e+03
 1.82200000e+03 1.73900000e+03 1.83000000e+03 1.81900000e+03 1.82600000e+03 1.83000000e+03 3.38700000e+03 1.70200000e+03 1.91100000e+03 1.90400000e+03 1.90300000e+03 1.90400000e+03
 1.81500000e+03 1.73400000e+03 1.82800000e+03 1.82400000e+03 1.82600000e+03 1.83100000e+03 3.38700000e+03 1.70200000e+03 1.90500000e+03 1.90400000e+03 1.90400000e+03 1.91100000e+03
 1.81700000e+03 1.73800000e+03 1.82700000e+03 1.82600000e+03 1.82700000e+03 1.82900000e+03 3.38500000e+03 1.70200000e+03 1.89700000e+03 1.90500000e+03 1.90400000e+03 1.90900000e+03
 1.81700000e+03 1.73800000e+03 1.82700000e+03 1.82100000e+03 1.83000000e+03 1.83000000e+03 3.38700000e+03 1.70600000e+03 1.90100000e+03 1.90400000e+03 1.90400000e+03 1.90600000e+03
 1.81900000e+03 1.74100000e+03 1.83100000e+03 1.81900000e+03 1.83000000e+03 1.83000000e+03 3.38500000e+03 1.70600000e+03 1.90600000e+03 1.90600000e+03 1.90400000e+03 1.90600000e+03
 1.81500000e+03 1.73700000e+03 1.83500000e+03 1.82200000e+03 1.83000000e+03 1.82700000e+03 3.38300000e+03 1.70300000e+03 1.90400000e+03 1.90600000e+03 1.90400000e+03 1.90600000e+03
 1.81700000e+03 1.74100000e+03 1.83100000e+03 1.82300000e+03 1.82700000e+03 1.82900000e+03 3.38700000e+03 1.70300000e+03 1.90100000e+03 1.90600000e+03 1.90400000e+03 1.91300000e+03
 1.81900000e+03 1.73800000e+03 1.82700000e+03 1.82500000e+03 1.82800000e+03 1.82900000e+03 3.38600000e+03 1.70500000e+03 1.90400000e+03 1.90400000e+03 1.90400000e+03 1.90900000e+03
 1.82200000e+03 1.73800000e+03 1.82900000e+03 1.82100000e+03 1.83100000e+03 1.83000000e+03 3.38600000e+03 1.70500000e+03 1.90400000e+03 1.90500000e+03 1.90400000e+03 1.90400000e+03
 1.81900000e+03 1.73900000e+03 1.83100000e+03 1.82300000e+03 1.82900000e+03 1.83100000e+03 3.38500000e+03 1.70200000e+03 1.90400000e+03 1.90500000e+03 1.90400000e+03 1.90900000e+03
 1.81500000e+03 1.73900000e+03 1.83100000e+03 1.82100000e+03 1.82800000e+03 1.82900000e+03 3.38700000e+03 1.70500000e+03 1.90400000e+03 1.90400000e+03 1.90400000e+03 1.90800000e+03
 1.81800000e+03 1.74100000e+03 1.83100000e+03 1.82300000e+03 1.82900000e+03 1.83000000e+03 3.38600000e+03 1.70300000e+03 1.90400000e+03 1.90500000e+03 1.90500000e+03 1.90900000e+03
 1.81800000e+03 1.73900000e+03 1.83000000e+03 1.82300000e+03 1.82800000e+03 1.83000000e+03 3.38700000e+03 1.70600000e+03 1.90400000e+03 1.90500000e+03 1.90500000e+03 1.90500000e+03
 1.82100000e+03 1.74100000e+03 1.83000000e+03 1.81900000e+03 1.82900000e+03 1.82800000e+03 3.38600000e+03 1.70600000e+03 1.90400000e+03 1.90500000e+03 1.90400000e+03 1.90600000e+03
 1.81700000e+03 1.73900000e+03 1.83100000e+03 1.82200000e+03 1.82800000e+03 1.82900000e+03 3.38300000e+03 1.70300000e+03 1.90400000e+03 1.90700000e+03 1.90500000e+03 1.91100000e+03
 1.81700000e+03 1.73900000e+03 1.82700000e+03 1.82100000e+03 1.82700000e+03 1.83000000e+03 3.38600000e+03 1.70300000e+03 1.90300000e+03 1.90700000e+03 1.90500000e+03 1.90700000e+03
 1.82200000e+03 1.73900000e+03 1.83300000e+03 1.82200000e+03 1.82700000e+03 1.82900000e+03 3.38600000e+03 1.70300000e+03 1.90400000e+03 1.90500000e+03 1.90400000e+03 1.91000000e+03
 1.81800000e+03 1.73800000e+03 1.83100000e+03 1.81900000e+03 1.82700000e+03 1.82900000e+03 3.38900000e+03 1.70300000e+03 1.90400000e+03 1.90400000e+03 1.90500000e+03 1.90700000e+03
 1.81900000e+03 1.73900000e+03 1.83100000e+03 1.82100000e+03 1.82800000e+03 1.82900000e+03 3.38300000e+03 1.70300000e+03 1.90400000e+03 1.90500000e+03 1.90400000e+03 1.90600000e+03
 1.81700000e+03 1.74100000e+03 1.83000000e+03 1.82300000e+03 1.82700000e+03 1.83100000e+03 3.38300000e+03 1.70600000e+03 1.90400000e+03 1.90500000e+03 1.90400000e+03 1.90900000e+03
 1.81800000e+03 1.74200000e+03 1.82900000e+03 1.82300000e+03 1.82600000e+03 1.83300000e+03 3.38300000e+03 1.70300000e+03 1.90400000e+03 1.90700000e+03 1.90500000e+03 1.90700000e+03
 1.81900000e+03 1.73900000e+03 1.82900000e+03 1.82200000e+03 1.82700000e+03 1.82900000e+03 3.38300000e+03 1.70300000e+03 1.90400000e+03 1.90600000e+03 1.90400000e+03 1.90700000e+03
 1.81700000e+03 1.73800000e+03 1.82900000e+03 1.82200000e+03 1.82700000e+03 1.83100000e+03 3.38200000e+03 1.70300000e+03 1.90400000e+03 1.90600000e+03 1.90400000e+03 1.90500000e+03
 1.81800000e+03 1.73900000e+03 1.83100000e+03 1.82100000e+03 1.82700000e+03 1.82900000e+03 3.38600000e+03 1.70300000e+03 1.90400000e+03 1.90600000e+03 1.90400000e+03 1.90800000e+03
 1.81900000e+03 1.73900000e+03 1.83100000e+03 1.82100000e+03 1.82900000e+03 1.83000000e+03 3.38700000e+03 1.70600000e+03 1.90300000e+03 1.90500000e+03 1.90400000e+03 1.90700000e+03
 1.81600000e+03 1.73900000e+03 1.82900000e+03 1.82200000e+03 1.82700000e+03 1.83000000e+03 3.38700000e+03 1.70500000e+03 1.90400000e+03 1.90400000e+03 1.90400000e+03 1.90900000e+03
 1.82000000e+03 1.74100000e+03 1.82900000e+03 1.82400000e+03 1.82700000e+03 1.82700000e+03 3.38300000e+03 1.70300000e+03 1.90400000e+03 1.90500000e+03 1.90400000e+03 1.90700000e+03
 1.81500000e+03 1.73900000e+03 1.83000000e+03 1.82000000e+03 1.82700000e+03 1.82700000e+03 3.38100000e+03 1.70300000e+03 1.90300000e+03 1.90500000e+03 1.90400000e+03 1.90700000e+03
 1.81500000e+03 1.73800000e+03 1.82900000e+03 1.82200000e+03 1.82600000e+03 1.83000000e+03 3.38200000e+03 1.70200000e+03 1.90400000e+03 1.90700000e+03 1.90400000e+03 1.90800000e+03
 1.81900000e+03 1.73900000e+03 1.83000000e+03 1.82100000e+03 1.83000000e+03 1.82800000e+03 3.38700000e+03 1.70300000e+03 1.90400000e+03 1.90600000e+03 1.90500000e+03 1.90900000e+03
 1.81800000e+03 1.74000000e+03 1.82800000e+03 1.82100000e+03 1.82700000e+03 1.83000000e+03 3.38200000e+03 1.70500000e+03 1.90400000e+03 1.90600000e+03 1.90400000e+03 1.90800000e+03
 1.81700000e+03 1.73800000e+03 1.83400000e+03 1.82200000e+03 1.82800000e+03 1.82900000e+03 3.38600000e+03 1.70300000e+03 1.90400000e+03 1.90500000e+03 1.90400000e+03 1.90800000e+03
 1.81700000e+03 1.74000000e+03 1.83000000e+03 1.82100000e+03 1.82700000e+03 1.83200000e+03 3.38300000e+03 1.70600000e+03 1.90400000e+03 1.90400000e+03 1.90400000e+03 1.90700000e+03
 1.81700000e+03 1.73800000e+03 1.82800000e+03 1.82200000e+03 1.82700000e+03 1.83100000e+03 3.38600000e+03 1.69900000e+03 1.90400000e+03 1.90900000e+03 1.90400000e+03 1.90700000e+03
 1.81700000e+03 1.73900000e+03 1.82800000e+03 1.82000000e+03 1.82900000e+03 1.83000000e+03 3.38700000e+03 1.70600000e+03 1.90400000e+03 1.90600000e+03 1.90500000e+03 1.90600000e+03
 1.81700000e+03 1.73900000e+03 1.83000000e+03 1.82300000e+03 1.82700000e+03 1.82900000e+03 3.38300000e+03 1.70300000e+03 1.90400000e+03 1.90500000e+03 1.90400000e+03 1.90900000e+03
 1.81500000e+03 1.73800000e+03 1.82900000e+03 1.82300000e+03 1.82900000e+03 1.83000000e+03 3.38300000e+03 1.70300000e+03 1.90400000e+03 1.90600000e+03 1.90500000e+03 1.90700000e+03
 1.81700000e+03 1.74000000e+03 1.83000000e+03 1.82300000e+03 1.82900000e+03 1.82900000e+03 3.38100000e+03 1.70100000e+03 1.90400000e+03 1.90600000e+03 1.90400000e+03 1.90700000e+03
 1.81700000e+03 1.74200000e+03 1.83000000e+03 1.82200000e+03 1.83000000e+03 1.83000000e+03 3.38600000e+03 1.70200000e+03 1.90400000e+03 1.90600000e+03 1.90400000e+03 1.90700000e+03
 1.81800000e+03 1.73900000e+03 1.83400000e+03 1.82400000e+03 1.82700000e+03 1.82900000e+03 3.38400000e+03 1.70400000e+03 1.90400000e+03 1.90700000e+03 1.90400000e+03 1.90400000e+03
 1.65700000e+03 1.73900000e+03 1.82900000e+03 1.82500000e+03 1.82600000e+03 1.83100000e+03 3.38100000e+03 1.70100000e+03 1.96100000e+03 1.90600000e+03 1.90400000e+03 2.01100000e+03
 1.86400000e+03 1.73800000e+03 1.83000000e+03 1.81300000e+03 1.82700000e+03 1.83100000e+03 3.38300000e+03 1.70700000e+03 1.91800000e+03 1.90400000e+03 1.90400000e+03 1.77000000e+03
 1.92600000e+03 1.73900000e+03 1.83200000e+03 1.80800000e+03 1.82900000e+03 1.83000000e+03 3.38600000e+03 1.70600000e+03 1.95700000e+03 1.90400000e+03 1.90500000e+03 1.86200000e+03
 1.75800000e+03 1.73900000e+03 1.82700000e+03 1.81900000e+03 1.82700000e+03 1.82800000e+03 3.38600000e+03 1.70600000e+03 1.88300000e+03 1.90500000e+03 1.90400000e+03 1.93600000e+03
 1.72800000e+03 1.73900000e+03 1.83100000e+03 1.84000000e+03 1.83000000e+03 1.82900000e+03 3.38700000e+03 1.70400000e+03 1.90400000e+03 1.90500000e+03 1.90400000e+03 1.97400000e+03
 1.81300000e+03 1.73900000e+03 1.83300000e+03 1.81500000e+03 1.82600000e+03 1.83400000e+03 3.38700000e+03 1.70300000e+03 1.89900000e+03 1.90500000e+03 1.90400000e+03 1.90300000e+03
 1.89500000e+03 1.73700000e+03 1.82800000e+03 1.81000000e+03 1.83000000e+03 1.83100000e+03 3.38600000e+03 1.70300000e+03 1.87700000e+03 1.90400000e+03 1.90400000e+03 1.84000000e+03
 1.85900000e+03 1.73800000e+03 1.83000000e+03 1.82400000e+03 1.82800000e+03 1.83100000e+03 3.38500000e+03 1.70500000e+03 1.90900000e+03 1.90600000e+03 1.90400000e+03 1.90800000e+03
 1.76300000e+03 1.73800000e+03 1.83100000e+03 1.83100000e+03 1.82700000e+03 1.83000000e+03 3.38300000e+03 1.70300000e+03 1.91700000e+03 1.90700000e+03 1.90600000e+03 1.94000000e+03
 1.78200000e+03 1.73900000e+03 1.83300000e+03 1.82500000e+03 1.82500000e+03 1.83000000e+03 3.38300000e+03 1.70300000e+03 1.90600000e+03 1.90600000e+03 1.90400000e+03 1.92300000e+03
 1.84700000e+03 1.73900000e+03 1.83100000e+03 1.80800000e+03 1.83100000e+03 1.82900000e+03 3.38300000e+03 1.70600000e+03 1.89100000e+03 1.90500000e+03 1.90400000e+03 1.90200000e+03
 1.85100000e+03 1.74000000e+03 1.82800000e+03 1.81300000e+03 1.82600000e+03 1.82900000e+03 3.38300000e+03 1.70600000e+03 1.89900000e+03 1.90600000e+03 1.90400000e+03 1.89000000e+03
 1.80700000e+03 1.73800000e+03 1.83000000e+03 1.82800000e+03 1.82700000e+03 1.83500000e+03 3.38300000e+03 1.70300000e+03 1.91500000e+03 1.90500000e+03 1.90500000e+03 1.91300000e+03
 1.79200000e+03 1.74100000e+03 1.82700000e+03 1.82500000e+03 1.83100000e+03 1.82800000e+03 3.38700000e+03 1.70600000e+03 1.90500000e+03 1.90700000e+03 1.90400000e+03 1.91600000e+03
 1.82200000e+03 1.73800000e+03 1.82900000e+03 1.81900000e+03 1.82600000e+03 1.83100000e+03 3.38600000e+03 1.70100000e+03 1.89800000e+03 1.90500000e+03 1.90500000e+03 1.91100000e+03
 1.83900000e+03 1.73900000e+03 1.83100000e+03 1.81300000e+03 1.82700000e+03 1.82900000e+03 3.38900000e+03 1.70200000e+03 1.90100000e+03 1.90600000e+03 1.90500000e+03 1.91100000e+03
 1.82100000e+03 1.73900000e+03 1.82900000e+03 1.82100000e+03 1.82700000e+03 1.83000000e+03 3.38300000e+03 1.70500000e+03 1.90900000e+03 1.90400000e+03 1.90400000e+03 1.90400000e+03
 1.80700000e+03 1.73900000e+03 1.83300000e+03 1.82800000e+03 1.83000000e+03 1.83000000e+03 3.38600000e+03 1.70600000e+03 1.90500000e+03 1.90500000e+03 1.90500000e+03 1.90700000e+03
 1.81600000e+03 1.73800000e+03 1.83100000e+03 1.81900000e+03 1.82700000e+03 1.83000000e+03 3.38200000e+03 1.70500000e+03 1.89800000e+03 1.90500000e+03 1.90400000e+03 1.90700000e+03
 1.82600000e+03 1.73900000e+03 1.83000000e+03 1.81900000e+03 1.83100000e+03 1.82900000e+03 3.38300000e+03 1.70200000e+03 1.90200000e+03 1.90500000e+03 1.90400000e+03 1.90700000e+03
 1.82000000e+03 1.74100000e+03 1.82700000e+03 1.82100000e+03 1.82600000e+03 1.82800000e+03 3.38500000e+03 1.70200000e+03 1.90400000e+03 1.90500000e+03 1.90400000e+03 1.91000000e+03
 1.81400000e+03 1.73900000e+03 1.83100000e+03 1.82300000e+03 1.82900000e+03 1.83000000e+03 3.38500000e+03 1.70300000e+03 1.90700000e+03 1.90500000e+03 1.90400000e+03 1.91100000e+03
 1.81400000e+03 1.73800000e+03 1.82900000e+03 1.82300000e+03 1.82600000e+03 1.83000000e+03 3.38900000e+03 1.70200000e+03 1.90200000e+03 1.90600000e+03 1.90600000e+03 1.90900000e+03
 1.82100000e+03 1.74300000e+03 1.83400000e+03 1.82100000e+03 1.82900000e+03 1.83100000e+03 3.38700000e+03 1.70600000e+03 1.89800000e+03 1.90400000e+03 1.90400000e+03 1.90700000e+03
 1.81900000e+03 1.74200000e+03 1.82700000e+03 1.82100000e+03 1.82900000e+03 1.82900000e+03 3.38300000e+03 1.70500000e+03 1.90600000e+03 1.90600000e+03 1.90400000e+03 1.90500000e+03
 1.81500000e+03 1.73900000e+03 1.82700000e+03 1.82200000e+03 1.82600000e+03 1.82900000e+03 3.38600000e+03 1.70200000e+03 1.90700000e+03 1.90400000e+03 1.90400000e+03 1.91000000e+03
 1.81700000e+03 1.73900000e+03 1.83100000e+03 1.82400000e+03 1.82700000e+03 1.83000000e+03 3.38600000e+03 1.70200000e+03 1.90400000e+03 1.90500000e+03 1.90400000e+03 1.90800000e+03
 1.82100000e+03 1.73800000e+03 1.83000000e+03 1.82200000e+03 1.82900000e+03 1.82900000e+03 3.38300000e+03 1.70300000e+03 1.90300000e+03 1.90700000e+03 1.90400000e+03 1.90600000e+03
 1.81800000e+03 1.74000000e+03 1.82700000e+03 1.81900000e+03 1.82600000e+03 1.82900000e+03 3.38600000e+03 1.70600000e+03 1.90400000e+03 1.90700000e+03 1.90500000e+03 1.90600000e+03
 1.81500000e+03 1.73800000e+03 1.82700000e+03 1.82100000e+03 1.82900000e+03 1.83000000e+03 3.38600000e+03 1.70400000e+03 1.90600000e+03 1.90500000e+03 1.90500000e+03 1.90900000e+03
 1.81500000e+03 1.74000000e+03 1.82700000e+03 1.82300000e+03 1.82700000e+03 1.83300000e+03 3.38700000e+03 1.70300000e+03 1.90300000e+03 1.90600000e+03 1.90400000e+03 1.91300000e+03
 1.81800000e+03 1.74300000e+03 1.82900000e+03 1.82100000e+03 1.82800000e+03 1.82900000e+03 3.38600000e+03 1.70200000e+03 1.90300000e+03 1.90600000e+03 1.90400000e+03 1.90800000e+03
 1.81700000e+03 1.73900000e+03 1.82800000e+03 1.82200000e+03 1.82600000e+03 1.83100000e+03 3.38300000e+03 1.70500000e+03 1.90300000e+03 1.90500000e+03 1.90400000e+03 1.90700000e+03
 1.81900000e+03 1.74000000e+03 1.82700000e+03 1.82000000e+03 1.82700000e+03 1.81400000e+03 3.38300000e+03 1.70300000e+03 1.90400000e+03 1.90600000e+03 1.90400000e+03 1.90700000e+03
 1.82000000e+03 1.73700000e+03 1.82700000e+03 1.82100000e+03 1.82500000e+03 1.83000000e+03 3.38900000e+03 1.70300000e+03 1.90400000e+03 1.90400000e+03 1.90500000e+03 1.90700000e+03
 1.82100000e+03 1.73900000e+03 1.82600000e+03 1.82100000e+03 1.82500000e+03 1.82900000e+03 3.37900000e+03 1.70200000e+03 1.90400000e+03 1.90400000e+03 1.90400000e+03 1.90700000e+03
 1.81900000e+03 1.73900000e+03 1.82900000e+03 1.82000000e+03 1.82900000e+03 1.83100000e+03 3.38300000e+03 1.70300000e+03 1.90300000e+03 1.90400000e+03 1.90400000e+03 1.90700000e+03
 1.81900000e+03 1.74000000e+03 1.83100000e+03 1.82200000e+03 1.82900000e+03 1.82800000e+03 3.38300000e+03 1.70300000e+03 1.90400000e+03 1.90400000e+03 1.90400000e+03 1.90700000e+03
 1.81700000e+03 1.73700000e+03 1.82900000e+03 1.82100000e+03 1.82600000e+03 1.83100000e+03 3.38200000e+03 1.69900000e+03 1.90300000e+03 1.90600000e+03 1.90400000e+03 1.90700000e+03
 1.81700000e+03 1.73800000e+03 1.83100000e+03 1.82000000e+03 1.82900000e+03 1.82900000e+03 3.38200000e+03 1.70100000e+03 1.90400000e+03 1.90400000e+03 1.90400000e+03 1.90700000e+03
 1.81500000e+03 1.73800000e+03 1.82700000e+03 1.82200000e+03 1.82700000e+03 1.82900000e+03 3.38300000e+03 1.70200000e+03 1.90400000e+03 1.90500000e+03 1.90400000e+03 1.90600000e+03
 1.81700000e+03 1.73900000e+03 1.82900000e+03 1.82100000e+03 1.82700000e+03 1.83000000e+03 3.38300000e+03 1.70500000e+03 1.90400000e+03 1.90400000e+03 1.90400000e+03 1.90700000e+03
 1.81500000e+03 1.73700000e+03 1.83300000e+03 1.82200000e+03 1.82800000e+03 1.83000000e+03 3.38700000e+03 1.70600000e+03 1.90300000e+03 1.90700000e+03 1.90400000e+03 1.90600000e+03
 1.81400000e+03 1.73900000e+03 1.82900000e+03 1.81900000e+03 1.83000000e+03 1.82700000e+03 3.38300000e+03 1.70300000e+03 1.90400000e+03 1.90400000e+03 1.90400000e+03 1.90700000e+03
 1.81700000e+03 1.73900000e+03 1.82900000e+03 1.82100000e+03 1.82700000e+03 1.82900000e+03 3.38500000e+03 1.70500000e+03 1.90400000e+03 1.90500000e+03 1.90400000e+03 1.90700000e+03
 1.81800000e+03 1.73900000e+03 1.83000000e+03 1.82300000e+03 1.82700000e+03 1.82900000e+03 3.38300000e+03 1.70200000e+03 1.90400000e+03 1.90500000e+03 1.90400000e+03 1.90700000e+03
 1.81700000e+03 1.73800000e+03 1.82900000e+03 1.82100000e+03 1.82700000e+03 1.82900000e+03 3.38700000e+03 1.70300000e+03 1.90400000e+03 1.90600000e+03 1.90300000e+03 1.90600000e+03
 1.81500000e+03 1.73900000e+03 1.83100000e+03 1.82100000e+03 1.82900000e+03 1.82800000e+03 3.38200000e+03 1.70100000e+03 1.90300000e+03 1.90500000e+03 1.90400000e+03 1.90500000e+03
 1.81800000e+03 1.73800000e+03 1.83300000e+03 1.82200000e+03 1.82900000e+03 1.83000000e+03 3.38300000e+03 1.70300000e+03 1.90400000e+03 1.90400000e+03 1.90400000e+03 1.90700000e+03
 1.81600000e+03 1.73900000e+03 1.82900000e+03 1.82000000e+03 1.82700000e+03 1.83100000e+03 3.38500000e+03 1.70300000e+03 1.90400000e+03 1.90400000e+03 1.90400000e+03 1.90800000e+03
 1.82100000e+03 1.73800000e+03 1.82900000e+03 1.82200000e+03 1.82500000e+03 1.82700000e+03 3.38900000e+03 1.70300000e+03 1.90300000e+03 1.90400000e+03 1.90500000e+03 1.90700000e+03
 1.81700000e+03 1.73900000e+03 1.83000000e+03 1.82100000e+03 1.82700000e+03 1.83000000e+03 3.38300000e+03 1.70200000e+03 1.90400000e+03 1.90500000e+03 1.90400000e+03 1.90900000e+03
 1.81400000e+03 1.73800000e+03 1.82500000e+03 1.82200000e+03 1.82700000e+03 1.82900000e+03 3.38300000e+03 1.70200000e+03 1.90300000e+03 1.90600000e+03 1.90400000e+03 1.90500000e+03
 1.81600000e+03 1.73600000e+03 1.83100000e+03 1.81900000e+03 1.82700000e+03 1.82900000e+03 3.38300000e+03 1.70200000e+03 1.90400000e+03 1.90500000e+03 1.90400000e+03 1.90700000e+03
 1.81700000e+03 1.73800000e+03 1.83000000e+03 1.81400000e+03 1.82900000e+03 1.82900000e+03 3.38100000e+03 1.70200000e+03 1.76300000e+03 1.90800000e+03 1.90500000e+03 1.85700000e+03
 1.86100000e+03 1.73900000e+03 1.82900000e+03 1.80800000e+03 1.82600000e+03 1.82700000e+03 3.38500000e+03 1.70200000e+03 2.09800000e+03 1.90500000e+03 1.90400000e+03 1.84300000e+03
 1.78200000e+03 1.73900000e+03 1.82900000e+03 1.82600000e+03 1.82700000e+03 1.82700000e+03 3.38200000e+03 1.70300000e+03 1.96800000e+03 1.90400000e+03 1.90400000e+03 1.96100000e+03
 1.74400000e+03 1.73800000e+03 1.82900000e+03 1.82300000e+03 1.82600000e+03 1.82800000e+03 3.38600000e+03 1.70500000e+03 1.82600000e+03 1.90500000e+03 1.90500000e+03 1.92200000e+03
 1.85700000e+03 1.73700000e+03 1.82900000e+03 1.81000000e+03 1.82700000e+03 1.83100000e+03 3.38300000e+03 1.70200000e+03 1.87200000e+03 1.90500000e+03 1.90400000e+03 1.89000000e+03
 1.88200000e+03 1.73900000e+03 1.82700000e+03 1.80800000e+03 1.82500000e+03 1.82900000e+03 3.38300000e+03 1.70000000e+03 1.94900000e+03 1.90400000e+03 1.90400000e+03 1.87700000e+03
 1.79500000e+03 1.73700000e+03 1.82900000e+03 1.82700000e+03 1.82700000e+03 1.82900000e+03 3.38300000e+03 1.70700000e+03 1.93400000e+03 1.90500000e+03 1.90400000e+03 1.92500000e+03
 1.76700000e+03 1.73800000e+03 1.82900000e+03 1.83900000e+03 1.82600000e+03 1.83000000e+03 3.38300000e+03 1.70300000e+03 1.88600000e+03 1.90700000e+03 1.90400000e+03 1.94200000e+03
 1.82000000e+03 1.73700000e+03 1.83100000e+03 1.81700000e+03 1.82700000e+03 1.82700000e+03 3.38200000e+03 1.70300000e+03 1.87700000e+03 1.90500000e+03 1.90400000e+03 1.90300000e+03
 1.85800000e+03 1.73900000e+03 1.83100000e+03 1.80800000e+03 1.82700000e+03 1.83300000e+03 3.38700000e+03 1.70300000e+03 1.91100000e+03 1.90500000e+03 1.90600000e+03 1.88900000e+03
 1.82700000e+03 1.73900000e+03 1.83000000e+03 1.81900000e+03 1.83000000e+03 1.83000000e+03 3.38900000e+03 1.70300000e+03 1.92000000e+03 1.90400000e+03 1.90500000e+03 1.90400000e+03
 1.79100000e+03 1.73900000e+03 1.82700000e+03 1.83300000e+03 1.82900000e+03 1.83300000e+03 3.38500000e+03 1.70200000e+03 1.90100000e+03 1.90500000e+03 1.90500000e+03 1.92400000e+03
 1.81200000e+03 1.74100000e+03 1.83000000e+03 1.83100000e+03 1.83000000e+03 1.82900000e+03 3.38500000e+03 1.70900000e+03 1.89100000e+03 1.90700000e+03 1.90400000e+03 1.91900000e+03
 1.84000000e+03 1.74200000e+03 1.83100000e+03 1.81400000e+03 1.83000000e+03 1.83300000e+03 3.38600000e+03 1.70600000e+03 1.90300000e+03 1.90500000e+03 1.90400000e+03 1.90300000e+03
 1.83100000e+03 1.73900000e+03 1.82900000e+03 1.81400000e+03 1.83000000e+03 1.83000000e+03 3.38700000e+03 1.70100000e+03 1.91000000e+03 1.90500000e+03 1.90400000e+03 1.90300000e+03
 1.80800000e+03 1.74300000e+03 1.83000000e+03 1.82300000e+03 1.82900000e+03 1.83300000e+03 3.38600000e+03 1.70700000e+03 1.90400000e+03 1.90400000e+03 1.90500000e+03 1.91300000e+03
 1.81100000e+03 1.73900000e+03 1.82700000e+03 1.82900000e+03 1.82900000e+03 1.83000000e+03 3.38700000e+03 1.70500000e+03 1.90100000e+03 1.90700000e+03 1.90500000e+03 1.91500000e+03
 1.82500000e+03 1.73900000e+03 1.82900000e+03 1.82200000e+03 1.82700000e+03 1.82900000e+03 3.38500000e+03 1.70200000e+03 1.90200000e+03 1.90600000e+03 1.90400000e+03 1.91100000e+03
 1.82400000e+03 1.73900000e+03 1.82900000e+03 1.81400000e+03 1.82800000e+03 1.82900000e+03 3.38700000e+03 1.70300000e+03 1.90400000e+03 1.90900000e+03 1.90400000e+03 1.90400000e+03
 1.81800000e+03 1.73800000e+03 1.82800000e+03 1.82100000e+03 1.82600000e+03 1.82900000e+03 3.38500000e+03 1.70300000e+03 1.90500000e+03 1.90700000e+03 1.90400000e+03 1.90900000e+03
 1.81100000e+03 1.73800000e+03 1.82900000e+03 1.82200000e+03 1.82700000e+03 1.82900000e+03 3.38900000e+03 1.70500000e+03 1.90400000e+03 1.90500000e+03 1.90400000e+03 1.91100000e+03
 1.81900000e+03 1.73800000e+03 1.82900000e+03 1.82400000e+03 1.82800000e+03 1.83000000e+03 3.38500000e+03 1.70600000e+03 1.90400000e+03 1.90400000e+03 1.90400000e+03 1.90700000e+03
 1.82100000e+03 1.73800000e+03 1.83000000e+03 1.82100000e+03 1.83000000e+03 1.82900000e+03 3.38300000e+03 1.70200000e+03 1.90300000e+03 1.90600000e+03 1.90400000e+03 1.90400000e+03
 1.81500000e+03 1.73900000e+03 1.82700000e+03 1.81500000e+03 1.82700000e+03 1.83400000e+03 3.38200000e+03 1.70300000e+03 1.90300000e+03 1.90500000e+03 1.90400000e+03 1.90600000e+03
 1.81400000e+03 1.73800000e+03 1.83000000e+03 1.82200000e+03 1.82700000e+03 1.82900000e+03 3.38500000e+03 1.70300000e+03 1.90400000e+03 1.90400000e+03 1.90400000e+03 1.91000000e+03
 1.81500000e+03 1.73800000e+03 1.82900000e+03 1.82100000e+03 1.82700000e+03 1.82700000e+03 3.38100000e+03 1.70300000e+03 1.90200000e+03 1.90400000e+03 1.90400000e+03 1.90900000e+03
 1.82100000e+03 1.73700000e+03 1.83100000e+03 1.82100000e+03 1.82900000e+03 1.82700000e+03 3.38300000e+03 1.70200000e+03 1.90300000e+03 1.90400000e+03 1.90400000e+03 1.90400000e+03
 1.81900000e+03 1.73900000e+03 1.83100000e+03 1.81800000e+03 1.82700000e+03 1.82900000e+03 3.38300000e+03 1.70100000e+03 1.90400000e+03 1.90500000e+03 1.90400000e+03 1.90500000e+03
 1.81800000e+03 1.73900000e+03 1.83000000e+03 1.82300000e+03 1.82700000e+03 1.82800000e+03 3.38300000e+03 1.70500000e+03 1.90400000e+03 1.90400000e+03 1.90400000e+03 1.90600000e+03
 1.81700000e+03 1.73900000e+03 1.82900000e+03 1.82100000e+03 1.82800000e+03 1.82600000e+03 3.38100000e+03 1.70800000e+03 1.90400000e+03 1.90400000e+03 1.90400000e+03 1.90900000e+03
 1.81800000e+03 1.73800000e+03 1.83100000e+03 1.82200000e+03 1.82900000e+03 1.82900000e+03 3.38100000e+03 1.70500000e+03 1.90400000e+03 1.90400000e+03 1.90400000e+03 1.90800000e+03
 1.81900000e+03 1.73900000e+03 1.83400000e+03 1.82200000e+03 1.82700000e+03 1.83000000e+03 3.38300000e+03 1.70100000e+03 1.90400000e+03 1.90400000e+03 1.90400000e+03 1.90600000e+03
 1.81700000e+03 1.73900000e+03 1.83400000e+03 1.82300000e+03 1.82900000e+03 1.83100000e+03 3.38300000e+03 1.70500000e+03 1.90400000e+03 1.90500000e+03 1.90500000e+03 1.90600000e+03
 1.81500000e+03 1.73800000e+03 1.82900000e+03 1.81900000e+03 1.82600000e+03 1.82800000e+03 3.38200000e+03 1.70300000e+03 1.90500000e+03 1.90500000e+03 1.90400000e+03 1.90800000e+03
 1.81800000e+03 1.73700000e+03 1.82700000e+03 1.82200000e+03 1.82900000e+03 1.82700000e+03 3.38500000e+03 1.70300000e+03 1.90200000e+03 1.90500000e+03 1.90300000e+03 1.90800000e+03
 1.81800000e+03 1.73800000e+03 1.82900000e+03 1.82000000e+03 1.82600000e+03 1.83000000e+03 3.38300000e+03 1.70500000e+03 1.90300000e+03 1.90400000e+03 1.90400000e+03 1.90700000e+03
 1.81800000e+03 1.73800000e+03 1.82900000e+03 1.81900000e+03 1.82900000e+03 1.82700000e+03 3.38600000e+03 1.70100000e+03 1.90500000e+03 1.90500000e+03 1.90400000e+03 1.90500000e+03
 1.81500000e+03 1.74000000e+03 1.83100000e+03 1.82200000e+03 1.82600000e+03 1.83100000e+03 3.38600000e+03 1.70200000e+03 1.90400000e+03 1.90700000e+03 1.90400000e+03 1.90900000e+03
 1.81500000e+03 1.73900000e+03 1.83000000e+03 1.82100000e+03 1.82700000e+03 1.83000000e+03 3.38600000e+03 1.70100000e+03 1.90400000e+03 1.90400000e+03 1.90400000e+03 1.90900000e+03
 1.82100000e+03 1.73700000e+03 1.82800000e+03 1.82200000e+03 1.82700000e+03 1.82700000e+03 3.38700000e+03 1.70300000e+03 1.90400000e+03 1.90400000e+03 1.90400000e+03 1.90700000e+03
 1.81800000e+03 1.73900000e+03 1.82900000e+03 1.82100000e+03 1.82700000e+03 1.83000000e+03 3.38500000e+03 1.70300000e+03 1.90300000e+03 1.90400000e+03 1.90400000e+03 1.90600000e+03
 1.81800000e+03 1.73900000e+03 1.83100000e+03 1.82200000e+03 1.83000000e+03 1.83300000e+03 3.38500000e+03 1.70500000e+03 1.90400000e+03 1.90600000e+03 1.90400000e+03 1.90700000e+03
 1.81700000e+03 1.74000000e+03 1.82800000e+03 1.82200000e+03 1.82700000e+03 1.83000000e+03 3.38600000e+03 1.70600000e+03 1.90400000e+03 1.90500000e+03 1.90400000e+03 1.90700000e+03
 1.81800000e+03 1.73900000e+03 1.83000000e+03 1.82200000e+03 1.82700000e+03 1.82900000e+03 3.38200000e+03 1.70500000e+03 1.90400000e+03 1.90700000e+03 1.90600000e+03 1.90800000e+03
 1.81800000e+03 1.74100000e+03 1.82900000e+03 1.82300000e+03 1.83100000e+03 1.83100000e+03 3.38500000e+03 1.70200000e+03 1.90300000e+03 1.90400000e+03 1.90500000e+03 1.90600000e+03
 1.81700000e+03 1.73900000e+03 1.83100000e+03 1.82100000e+03 1.82700000e+03 1.82700000e+03 3.38500000e+03 1.70300000e+03 1.90400000e+03 1.90400000e+03 1.90400000e+03 1.90700000e+03
 1.81800000e+03 1.73900000e+03 1.82700000e+03 1.82300000e+03 1.82500000e+03 1.82800000e+03 3.38200000e+03 1.70700000e+03 1.90400000e+03 1.90600000e+03 1.90400000e+03 1.90700000e+03
 1.81800000e+03 1.74100000e+03 1.82900000e+03 1.82200000e+03 1.82700000e+03 1.82900000e+03 3.38300000e+03 1.70200000e+03 1.90400000e+03 1.90500000e+03 1.90400000e+03 1.90700000e+03
 1.81800000e+03 1.73500000e+03 1.82900000e+03 1.81900000e+03 1.82700000e+03 1.82900000e+03 3.38300000e+03 1.70200000e+03 1.90300000e+03 1.90600000e+03 1.90400000e+03 1.90600000e+03
 1.81900000e+03 1.73900000e+03 1.82900000e+03 1.82100000e+03 1.82800000e+03 1.82900000e+03 3.38500000e+03 1.70500000e+03 1.90400000e+03 1.90500000e+03 1.90400000e+03 1.90600000e+03
 1.81800000e+03 1.73900000e+03 1.82600000e+03 1.82100000e+03 1.82600000e+03 1.82900000e+03 3.38700000e+03 1.70200000e+03 1.90400000e+03 1.90500000e+03 1.90400000e+03 1.90700000e+03
 1.81500000e+03 1.73800000e+03 1.83100000e+03 1.82200000e+03 1.82700000e+03 1.83100000e+03 3.38700000e+03 1.70300000e+03 1.90300000e+03 1.90400000e+03 1.90400000e+03 1.90800000e+03
 1.81700000e+03 1.73900000e+03 1.82900000e+03 1.82200000e+03 1.82700000e+03 1.83300000e+03 3.38300000e+03 1.70300000e+03 1.90400000e+03 1.90600000e+03 1.90500000e+03 1.90700000e+03
 1.81700000e+03 1.73800000e+03 1.82900000e+03 1.82200000e+03 1.82500000e+03 1.82900000e+03 3.38700000e+03 1.70500000e+03 1.90400000e+03 1.90500000e+03 1.90400000e+03 1.90800000e+03
 1.81800000e+03 1.73900000e+03 1.83100000e+03 1.82100000e+03 1.82600000e+03 1.82700000e+03 3.38600000e+03 1.70200000e+03 1.90400000e+03 1.90600000e+03 1.90400000e+03 1.90700000e+03
 1.81800000e+03 1.73800000e+03 1.82700000e+03 1.81900000e+03 1.83000000e+03 1.83000000e+03 3.38100000e+03 1.70200000e+03 1.90400000e+03 1.90600000e+03 1.90400000e+03 1.90800000e+03
 1.81900000e+03 1.73800000e+03 1.83100000e+03 1.82200000e+03 1.82600000e+03 1.83000000e+03 3.38100000e+03 1.70300000e+03 1.90400000e+03 1.90500000e+03 1.90400000e+03 1.90600000e+03
 1.81800000e+03 1.73900000e+03 1.82700000e+03 1.81900000e+03 1.82700000e+03 1.83100000e+03 3.38500000e+03 1.70100000e+03 1.90400000e+03 1.90500000e+03 1.90400000e+03 1.90700000e+03
 1.81800000e+03 1.73800000e+03 1.82700000e+03 1.82100000e+03 1.82800000e+03 1.83000000e+03 3.38200000e+03 1.70300000e+03 1.90400000e+03 1.90500000e+03 1.90400000e+03 1.90700000e+03
 1.81600000e+03 1.73900000e+03 1.83000000e+03 1.82100000e+03 1.82700000e+03 1.83000000e+03 3.38300000e+03 1.70500000e+03 1.90400000e+03 1.90600000e+03 1.90400000e+03 1.90700000e+03
 1.81900000e+03 1.74000000e+03 1.82700000e+03 1.82100000e+03 1.82900000e+03 1.82900000e+03 3.38300000e+03 1.70500000e+03 1.90400000e+03 1.90400000e+03 1.90500000e+03 1.91000000e+03
 1.81900000e+03 1.74000000e+03 1.82700000e+03 1.82700000e+03 1.82700000e+03 1.82900000e+03 3.38200000e+03 1.70300000e+03 1.36000000e+03 1.90400000e+03 1.90400000e+03 1.85900000e+03
 1.88300000e+03 1.74000000e+03 1.82700000e+03 1.81100000e+03 1.83000000e+03 1.83100000e+03 3.38300000e+03 1.70300000e+03 2.37000000e+03 1.90400000e+03 1.90400000e+03 1.94900000e+03
 1.78500000e+03 1.73900000e+03 1.82900000e+03 1.83900000e+03 1.82700000e+03 1.82900000e+03 3.38200000e+03 1.70200000e+03 1.92600000e+03 1.90700000e+03 1.90400000e+03 1.95600000e+03
 1.82300000e+03 1.73800000e+03 1.83100000e+03 1.81500000e+03 1.82700000e+03 1.83000000e+03 3.38300000e+03 1.70600000e+03 1.85100000e+03 1.90500000e+03 1.90400000e+03 1.91100000e+03
 1.86500000e+03 1.73900000e+03 1.82900000e+03 1.80800000e+03 1.82900000e+03 1.83000000e+03 3.38300000e+03 1.70500000e+03 1.84000000e+03 1.90400000e+03 1.90400000e+03 1.86700000e+03
 1.84400000e+03 1.73900000e+03 1.83100000e+03 1.82500000e+03 1.82600000e+03 1.82700000e+03 3.38500000e+03 1.70200000e+03 1.90300000e+03 1.90400000e+03 1.90400000e+03 1.86700000e+03
 1.79300000e+03 1.73800000e+03 1.83000000e+03 1.83500000e+03 1.82600000e+03 1.82600000e+03 3.38500000e+03 1.70600000e+03 1.96800000e+03 1.90800000e+03 1.90400000e+03 1.93600000e+03
 1.80000000e+03 1.73800000e+03 1.82900000e+03 1.83200000e+03 1.82700000e+03 1.82900000e+03 3.38700000e+03 1.70500000e+03 1.89000000e+03 1.90500000e+03 1.90400000e+03 1.93200000e+03
 1.83000000e+03 1.73900000e+03 1.82700000e+03 1.80800000e+03 1.82500000e+03 1.82900000e+03 3.38900000e+03 1.70600000e+03 1.85500000e+03 1.90800000e+03 1.90400000e+03 1.89700000e+03
 1.84200000e+03 1.73700000e+03 1.82800000e+03 1.80900000e+03 1.82800000e+03 1.83000000e+03 3.38600000e+03 1.70100000e+03 1.90500000e+03 1.90500000e+03 1.90500000e+03 1.88900000e+03
 1.81300000e+03 1.73800000e+03 1.83000000e+03 1.82700000e+03 1.82500000e+03 1.83100000e+03 3.38500000e+03 1.70300000e+03 1.93800000e+03 1.90600000e+03 1.90400000e+03 1.90700000e+03
 1.79300000e+03 1.73800000e+03 1.83100000e+03 1.83400000e+03 1.82900000e+03 1.82900000e+03 3.38200000e+03 1.70600000e+03 1.90500000e+03 1.90400000e+03 1.90400000e+03 1.92600000e+03
 1.81800000e+03 1.74100000e+03 1.83000000e+03 1.81900000e+03 1.82500000e+03 1.83000000e+03 3.38500000e+03 1.70100000e+03 1.87300000e+03 1.90400000e+03 1.90400000e+03 1.90400000e+03
 1.83600000e+03 1.74100000e+03 1.82700000e+03 1.80800000e+03 1.82800000e+03 1.82800000e+03 3.38500000e+03 1.70400000e+03 1.89100000e+03 1.90600000e+03 1.90400000e+03 1.89300000e+03
 1.82300000e+03 1.73800000e+03 1.82900000e+03 1.82200000e+03 1.82600000e+03 1.82900000e+03 3.38700000e+03 1.70300000e+03 1.92600000e+03 1.90600000e+03 1.90300000e+03 1.90600000e+03
 1.80800000e+03 1.74000000e+03 1.82900000e+03 1.83000000e+03 1.82500000e+03 1.82800000e+03 3.38500000e+03 1.70500000e+03 1.91100000e+03 1.90500000e+03 1.90400000e+03 1.91800000e+03
 1.80900000e+03 1.73900000e+03 1.82800000e+03 1.82500000e+03 1.82700000e+03 1.82900000e+03 3.38500000e+03 1.70500000e+03 1.88700000e+03 1.90500000e+03 1.90400000e+03 1.91000000e+03
 1.82600000e+03 1.73900000e+03 1.83000000e+03 1.81500000e+03 1.83000000e+03 1.83000000e+03 3.38700000e+03 1.70300000e+03 1.89400000e+03 1.90400000e+03 1.90400000e+03 1.89900000e+03
 1.82100000e+03 1.73800000e+03 1.83000000e+03 1.81400000e+03 1.82900000e+03 1.82900000e+03 3.38300000e+03 1.70300000e+03 1.91000000e+03 1.90600000e+03 1.90400000e+03 1.90300000e+03
 1.80900000e+03 1.73800000e+03 1.82900000e+03 1.82300000e+03 1.82500000e+03 1.82700000e+03 3.38500000e+03 1.70200000e+03 1.91100000e+03 1.90700000e+03 1.90400000e+03 1.91400000e+03
 1.81000000e+03 1.73700000e+03 1.82900000e+03 1.82400000e+03 1.82600000e+03 1.82900000e+03 3.38300000e+03 1.70300000e+03 1.89500000e+03 1.90500000e+03 1.90400000e+03 1.91100000e+03
 1.82400000e+03 1.73800000e+03 1.82900000e+03 1.82200000e+03 1.82500000e+03 1.82700000e+03 3.38600000e+03 1.70200000e+03 1.89800000e+03 1.90400000e+03 1.90400000e+03 1.90500000e+03
 1.82200000e+03 1.73900000e+03 1.82700000e+03 1.81900000e+03 1.82900000e+03 1.82900000e+03 3.38100000e+03 1.70200000e+03 1.90400000e+03 1.90400000e+03 1.90400000e+03 1.90300000e+03
 1.81300000e+03 1.74000000e+03 1.82700000e+03 1.81900000e+03 1.82800000e+03 1.83100000e+03 3.38700000e+03 1.70700000e+03 1.90800000e+03 1.90600000e+03 1.90400000e+03 1.90900000e+03
 1.81100000e+03 1.73900000e+03 1.83400000e+03 1.82300000e+03 1.82700000e+03 1.83000000e+03 3.38700000e+03 1.70200000e+03 1.90400000e+03 1.90400000e+03 1.90500000e+03 1.91100000e+03
 1.81900000e+03 1.73500000e+03 1.83000000e+03 1.82200000e+03 1.82700000e+03 1.83100000e+03 3.38300000e+03 1.70500000e+03 1.89800000e+03 1.90400000e+03 1.90400000e+03 1.90700000e+03
 1.82300000e+03 1.73900000e+03 1.83400000e+03 1.81900000e+03 1.82700000e+03 1.82900000e+03 3.38500000e+03 1.70300000e+03 1.90400000e+03 1.90600000e+03 1.90500000e+03 1.90400000e+03
 1.81700000e+03 1.74100000e+03 1.82700000e+03 1.81900000e+03 1.83000000e+03 1.82700000e+03 3.38300000e+03 1.70600000e+03 1.90500000e+03 1.90400000e+03 1.90400000e+03 1.90600000e+03
 1.81300000e+03 1.73800000e+03 1.83100000e+03 1.82100000e+03 1.82800000e+03 1.82900000e+03 3.38300000e+03 1.70300000e+03 1.90400000e+03 1.90700000e+03 1.90400000e+03 1.91000000e+03
 1.81900000e+03 1.73700000e+03 1.82900000e+03 1.82200000e+03 1.82800000e+03 1.83100000e+03 3.38700000e+03 1.70100000e+03 1.90400000e+03 1.90400000e+03 1.90400000e+03 1.90900000e+03
 1.82100000e+03 1.73900000e+03 1.83100000e+03 1.82400000e+03 1.82600000e+03 1.82900000e+03 3.38200000e+03 1.70300000e+03 1.90400000e+03 1.90600000e+03 1.90400000e+03 1.90600000e+03
 1.81900000e+03 1.73800000e+03 1.83000000e+03 1.82300000e+03 1.83000000e+03 1.83000000e+03 3.38300000e+03 1.70500000e+03 1.90400000e+03 1.90600000e+03 1.90400000e+03 1.90500000e+03
 1.81500000e+03 1.73900000e+03 1.82800000e+03 1.82100000e+03 1.82700000e+03 1.82800000e+03 3.38500000e+03 1.70300000e+03 1.90400000e+03 1.90500000e+03 1.90400000e+03 1.90700000e+03
 1.81500000e+03 1.73900000e+03 1.82800000e+03 1.81900000e+03 1.82700000e+03 1.82900000e+03 3.38500000e+03 1.70300000e+03 1.90300000e+03 1.90500000e+03 1.90500000e+03 1.90700000e+03
 1.81700000e+03 1.74100000e+03 1.83100000e+03 1.82500000e+03 1.82800000e+03 1.82900000e+03 3.38300000e+03 1.70300000e+03 1.90200000e+03 1.90500000e+03 1.90400000e+03 1.90600000e+03
 1.81900000e+03 1.73800000e+03 1.82700000e+03 1.81900000e+03 1.82900000e+03 1.82900000e+03 3.38500000e+03 1.70100000e+03 1.90400000e+03 1.90500000e+03 1.90400000e+03 1.90600000e+03
 1.81500000e+03 1.73900000e+03 1.82900000e+03 1.82100000e+03 1.82700000e+03 1.83100000e+03 3.38500000e+03 1.70700000e+03 1.90400000e+03 1.90400000e+03 1.90400000e+03 1.90600000e+03
 1.81700000e+03 1.74100000e+03 1.83000000e+03 1.81900000e+03 1.82700000e+03 1.83100000e+03 3.38600000e+03 1.70100000e+03 1.90400000e+03 1.90700000e+03 1.90400000e+03 1.90800000e+03
 1.81800000e+03 1.74000000e+03 1.82700000e+03 1.82200000e+03 1.82600000e+03 1.83000000e+03 3.38500000e+03 1.70300000e+03 1.90400000e+03 1.90400000e+03 1.90400000e+03 1.90500000e+03
 1.82100000e+03 1.73800000e+03 1.83300000e+03 1.82200000e+03 1.82600000e+03 1.82900000e+03 3.39000000e+03 1.70200000e+03 1.90400000e+03 1.90600000e+03 1.90400000e+03 1.90700000e+03
 1.81500000e+03 1.74100000e+03 1.82900000e+03 1.82000000e+03 1.82700000e+03 1.83000000e+03 3.38500000e+03 1.70600000e+03 1.90400000e+03 1.90400000e+03 1.90400000e+03 1.90600000e+03
 1.81800000e+03 1.73800000e+03 1.83000000e+03 1.82300000e+03 1.82800000e+03 1.83000000e+03 3.38700000e+03 1.70500000e+03 1.90400000e+03 1.90700000e+03 1.90400000e+03 1.90700000e+03
 1.81900000e+03 1.73900000e+03 1.83100000e+03 1.82100000e+03 1.82600000e+03 1.82900000e+03 3.38700000e+03 1.70300000e+03 1.90400000e+03 1.90500000e+03 1.90400000e+03 1.90700000e+03
 1.81700000e+03 1.73700000e+03 1.83300000e+03 1.82300000e+03 1.82900000e+03 1.82900000e+03 3.38900000e+03 1.70200000e+03 1.90400000e+03 1.90700000e+03 1.90500000e+03 1.90700000e+03
 1.81700000e+03 1.73500000e+03 1.82700000e+03 1.82200000e+03 1.82700000e+03 1.83000000e+03 3.38100000e+03 1.70300000e+03 1.90400000e+03 1.90500000e+03 1.90400000e+03 1.90500000e+03
 1.81700000e+03 1.73900000e+03 1.83000000e+03 1.82300000e+03 1.82600000e+03 1.82900000e+03 3.38500000e+03 1.70300000e+03 1.90400000e+03 1.90400000e+03 1.90400000e+03 1.90700000e+03
 1.81500000e+03 1.73800000e+03 1.83000000e+03 1.82100000e+03 1.82900000e+03 1.83000000e+03 3.38300000e+03 1.70200000e+03 1.90400000e+03 1.90600000e+03 1.90400000e+03 1.90900000e+03
 1.81800000e+03 1.74000000e+03 1.83000000e+03 1.82100000e+03 1.82700000e+03 1.82900000e+03 3.38700000e+03 1.70500000e+03 1.90300000e+03 1.90700000e+03 1.90400000e+03 1.90800000e+03
 1.81900000e+03 1.73900000e+03 1.82700000e+03 1.82100000e+03 1.82600000e+03 1.82700000e+03 3.38200000e+03 1.70700000e+03 1.90400000e+03 1.90400000e+03 1.90400000e+03 1.90700000e+03
 1.81700000e+03 1.73800000e+03 1.82700000e+03 1.82200000e+03 1.82700000e+03 1.82900000e+03 3.38600000e+03 1.70300000e+03 1.90400000e+03 1.90400000e+03 1.90400000e+03 1.90700000e+03
 1.81900000e+03 1.73800000e+03 1.83000000e+03 1.82100000e+03 1.82900000e+03 1.82900000e+03 3.38700000e+03 1.70300000e+03 1.90400000e+03 1.90400000e+03 1.90400000e+03 1.90700000e+03
 1.81900000e+03 1.73800000e+03 1.82700000e+03 1.82100000e+03 1.82800000e+03 1.82700000e+03 3.38100000e+03 1.70300000e+03 1.90300000e+03 1.90400000e+03 1.90400000e+03 1.90600000e+03
 1.81500000e+03 1.73600000e+03 1.82800000e+03 1.82300000e+03 1.82600000e+03 1.83100000e+03 3.38100000e+03 1.70200000e+03 1.90400000e+03 1.90500000e+03 1.90400000e+03 1.90900000e+03
 1.81700000e+03 1.74100000e+03 1.82900000e+03 1.82500000e+03 1.82900000e+03 1.82900000e+03 3.38100000e+03 1.70500000e+03 1.90300000e+03 1.90400000e+03 1.90400000e+03 1.90700000e+03
 1.81900000e+03 1.73400000e+03 1.83000000e+03 1.82300000e+03 1.82700000e+03 1.82900000e+03 3.38300000e+03 1.70300000e+03 1.90400000e+03 1.90500000e+03 1.90400000e+03 1.90600000e+03
 1.81400000e+03 1.73900000e+03 1.83000000e+03 1.82300000e+03 1.83100000e+03 1.82900000e+03 3.38600000e+03 1.70300000e+03 1.90400000e+03 1.90700000e+03 1.90400000e+03 1.90800000e+03
 1.81800000e+03 1.74100000e+03 1.83000000e+03 1.81900000e+03 1.82500000e+03 1.82900000e+03 3.38700000e+03 1.70200000e+03 1.90300000e+03 1.90400000e+03 1.90500000e+03 1.90600000e+03
 1.81700000e+03 1.73900000e+03 1.83100000e+03 1.82200000e+03 1.82700000e+03 1.82900000e+03 3.38300000e+03 1.70300000e+03 1.90400000e+03 1.90500000e+03 1.90400000e+03 1.90700000e+03
 1.81700000e+03 1.74100000e+03 1.83000000e+03 1.81900000e+03 1.82500000e+03 1.83100000e+03 3.38600000e+03 1.70600000e+03 1.90400000e+03 1.90600000e+03 1.90400000e+03 1.90700000e+03
 1.81800000e+03 1.73900000e+03 1.83000000e+03 1.82100000e+03 1.82600000e+03 1.82900000e+03 3.38500000e+03 1.70100000e+03 1.90200000e+03 1.90400000e+03 1.90400000e+03 1.90600000e+03
 1.81900000e+03 1.73900000e+03 1.83000000e+03 1.82100000e+03 1.82600000e+03 1.83000000e+03 3.38700000e+03 1.70300000e+03 1.90400000e+03 1.90500000e+03 1.90400000e+03 1.90700000e+03
 1.81500000e+03 1.73900000e+03 1.82700000e+03 1.82300000e+03 1.82900000e+03 1.82700000e+03 3.38700000e+03 1.70100000e+03 1.90400000e+03 1.90600000e+03 1.90400000e+03 1.90600000e+03
 1.81500000e+03 1.73900000e+03 1.82700000e+03 1.83100000e+03 1.82700000e+03 1.82700000e+03 3.38500000e+03 1.70300000e+03 1.28100000e+03 1.90400000e+03 1.90400000e+03 1.90400000e+03
 1.75900000e+03 1.73900000e+03 1.82900000e+03 1.82100000e+03 1.82700000e+03 1.83100000e+03 3.38300000e+03 1.70300000e+03 2.43700000e+03 1.90700000e+03 1.90400000e+03 1.97500000e+03
 1.78200000e+03 1.73800000e+03 1.83000000e+03 1.83700000e+03 1.82700000e+03 1.83000000e+03 3.38700000e+03 1.70300000e+03 1.86900000e+03 1.90600000e+03 1.90400000e+03 1.93900000e+03
 1.86200000e+03 1.73800000e+03 1.83000000e+03 1.80800000e+03 1.82700000e+03 1.83100000e+03 3.38300000e+03 1.70300000e+03 1.88200000e+03 1.90400000e+03 1.90400000e+03 1.91400000e+03
 1.83700000e+03 1.74100000e+03 1.82900000e+03 1.80800000e+03 1.82700000e+03 1.83000000e+03 3.38300000e+03 1.70300000e+03 1.85800000e+03 1.90400000e+03 1.90400000e+03 1.88200000e+03
 1.78600000e+03 1.73900000e+03 1.82700000e+03 1.83500000e+03 1.82900000e+03 1.83100000e+03 3.38300000e+03 1.70600000e+03 1.90400000e+03 1.90500000e+03 1.90500000e+03 1.88900000e+03
 1.79900000e+03 1.73800000e+03 1.82800000e+03 1.83900000e+03 1.83100000e+03 1.83200000e+03 3.38700000e+03 1.70300000e+03 1.93500000e+03 1.90500000e+03 1.90400000e+03 1.93600000e+03
 1.83000000e+03 1.73900000e+03 1.82800000e+03 1.82500000e+03 1.82600000e+03 1.83100000e+03 3.38500000e+03 1.70700000e+03 1.89300000e+03 1.90500000e+03 1.90400000e+03 1.90100000e+03
 1.83000000e+03 1.73800000e+03 1.83000000e+03 1.80500000e+03 1.82600000e+03 1.82800000e+03 3.38700000e+03 1.70200000e+03 1.87200000e+03 1.90600000e+03 1.90400000e+03 1.89000000e+03
 1.82100000e+03 1.73900000e+03 1.83100000e+03 1.81800000e+03 1.82600000e+03 1.83400000e+03 3.38700000e+03 1.70500000e+03 1.90500000e+03 1.90500000e+03 1.90500000e+03 1.89500000e+03
 1.80800000e+03 1.73700000e+03 1.83000000e+03 1.83500000e+03 1.82500000e+03 1.82700000e+03 3.38300000e+03 1.70300000e+03 1.93300000e+03 1.90400000e+03 1.90400000e+03 1.91400000e+03
 1.81100000e+03 1.73800000e+03 1.83100000e+03 1.82800000e+03 1.82600000e+03 1.82700000e+03 3.38500000e+03 1.70700000e+03 1.90400000e+03 1.90500000e+03 1.90400000e+03 1.92100000e+03
 1.82100000e+03 1.74000000e+03 1.83000000e+03 1.81500000e+03 1.82900000e+03 1.82800000e+03 3.38300000e+03 1.70300000e+03 1.87800000e+03 1.90400000e+03 1.90400000e+03 1.89800000e+03
 1.81900000e+03 1.73900000e+03 1.83100000e+03 1.80800000e+03 1.82500000e+03 1.82700000e+03 3.38300000e+03 1.70600000e+03 1.89800000e+03 1.90400000e+03 1.90400000e+03 1.89100000e+03
 1.81400000e+03 1.74100000e+03 1.82700000e+03 1.82400000e+03 1.83000000e+03 1.82600000e+03 3.38500000e+03 1.70300000e+03 1.92100000e+03 1.90500000e+03 1.90400000e+03 1.91000000e+03
 1.81100000e+03 1.73800000e+03 1.82900000e+03 1.83000000e+03 1.82700000e+03 1.83000000e+03 3.38400000e+03 1.70300000e+03 1.91000000e+03 1.90500000e+03 1.90400000e+03 1.91700000e+03
 1.81500000e+03 1.73900000e+03 1.83000000e+03 1.82100000e+03 1.82600000e+03 1.82700000e+03 3.38200000e+03 1.70300000e+03 1.88800000e+03 1.90400000e+03 1.90400000e+03 1.90700000e+03
 1.82100000e+03 1.74000000e+03 1.82900000e+03 1.81400000e+03 1.83100000e+03 1.82900000e+03 3.38500000e+03 1.70100000e+03 1.89900000e+03 1.90400000e+03 1.90400000e+03 1.89700000e+03
 1.81500000e+03 1.73900000e+03 1.82700000e+03 1.81500000e+03 1.83100000e+03 1.83000000e+03 3.38600000e+03 1.70200000e+03 1.91100000e+03 1.90500000e+03 1.90400000e+03 1.90400000e+03
 1.80800000e+03 1.73800000e+03 1.82700000e+03 1.82300000e+03 1.82600000e+03 1.82700000e+03 3.38300000e+03 1.70200000e+03 1.90800000e+03 1.90500000e+03 1.90400000e+03 1.91700000e+03
 1.81300000e+03 1.73800000e+03 1.83100000e+03 1.82500000e+03 1.83000000e+03 1.82700000e+03 3.38300000e+03 1.70200000e+03 1.89900000e+03 1.90500000e+03 1.90400000e+03 1.91300000e+03
 1.82300000e+03 1.73900000e+03 1.83100000e+03 1.81800000e+03 1.82700000e+03 1.82900000e+03 3.39100000e+03 1.70300000e+03 1.89800000e+03 1.90500000e+03 1.90400000e+03 1.90400000e+03
 1.82400000e+03 1.73900000e+03 1.83100000e+03 1.81700000e+03 1.82400000e+03 1.82900000e+03 3.38500000e+03 1.70300000e+03 1.90900000e+03 1.90500000e+03 1.90400000e+03 1.90300000e+03
 1.81800000e+03 1.73700000e+03 1.82800000e+03 1.81800000e+03 1.82600000e+03 1.83000000e+03 3.38300000e+03 1.70500000e+03 1.90700000e+03 1.90400000e+03 1.90400000e+03 1.90600000e+03
 1.81100000e+03 1.73900000e+03 1.83000000e+03 1.82300000e+03 1.82500000e+03 1.83000000e+03 3.38200000e+03 1.70300000e+03 1.90400000e+03 1.90500000e+03 1.90400000e+03 1.91400000e+03
 1.82000000e+03 1.73600000e+03 1.83000000e+03 1.82400000e+03 1.82500000e+03 1.83000000e+03 3.38500000e+03 1.70200000e+03 1.89800000e+03 1.90500000e+03 1.90400000e+03 1.90700000e+03
 1.82200000e+03 1.73900000e+03 1.82900000e+03 1.81900000e+03 1.82600000e+03 1.82900000e+03 3.38600000e+03 1.70300000e+03 1.90300000e+03 1.90500000e+03 1.90400000e+03 1.90400000e+03
 1.81300000e+03 1.74100000e+03 1.82800000e+03 1.82100000e+03 1.82900000e+03 1.82800000e+03 3.37600000e+03 1.70600000e+03 1.90500000e+03 1.90600000e+03 1.90500000e+03 1.90600000e+03
 1.81300000e+03 1.73800000e+03 1.82600000e+03 1.82200000e+03 1.82500000e+03 1.83100000e+03 3.39500000e+03 1.70200000e+03 1.88100000e+03 1.90400000e+03 1.90400000e+03 1.91100000e+03
 1.81500000e+03 1.73900000e+03 1.82700000e+03 1.82100000e+03 1.82400000e+03 1.83000000e+03 3.38000000e+03 1.70200000e+03 1.90200000e+03 1.90400000e+03 1.90400000e+03 1.91000000e+03
 1.82300000e+03 1.73700000e+03 1.82700000e+03 1.82300000e+03 1.82700000e+03 1.82900000e+03 3.38300000e+03 1.70200000e+03 1.90200000e+03 1.90400000e+03 1.90500000e+03 1.90500000e+03
 1.81700000e+03 1.73700000e+03 1.83000000e+03 1.81900000e+03 1.82500000e+03 1.82700000e+03 3.38600000e+03 1.70200000e+03 1.90500000e+03 1.90400000e+03 1.90400000e+03 1.90700000e+03
 1.81500000e+03 1.74000000e+03 1.83000000e+03 1.82300000e+03 1.82900000e+03 1.83000000e+03 3.38500000e+03 1.70600000e+03 1.90400000e+03 1.90400000e+03 1.90400000e+03 1.90800000e+03
 1.81800000e+03 1.73900000e+03 1.83000000e+03 1.82300000e+03 1.82800000e+03 1.82900000e+03 3.38100000e+03 1.70300000e+03 1.90200000e+03 1.90500000e+03 1.90400000e+03 1.90700000e+03
 1.82100000e+03 1.73800000e+03 1.82600000e+03 1.81900000e+03 1.82700000e+03 1.82900000e+03 3.38300000e+03 1.70300000e+03 1.90300000e+03 1.90700000e+03 1.90400000e+03 1.90700000e+03
 1.82100000e+03 1.73900000e+03 1.82900000e+03 1.82100000e+03 1.82900000e+03 1.83000000e+03 3.38200000e+03 1.70200000e+03 1.90400000e+03 1.90600000e+03 1.90400000e+03 1.90500000e+03
 1.81800000e+03 1.73900000e+03 1.82700000e+03 1.81900000e+03 1.82700000e+03 1.82700000e+03 3.38300000e+03 1.70300000e+03 1.90400000e+03 1.90500000e+03 1.90400000e+03 1.90700000e+03
 1.81600000e+03 1.73900000e+03 1.83100000e+03 1.82100000e+03 1.82600000e+03 1.82800000e+03 3.38500000e+03 1.70600000e+03 1.90200000e+03 1.90500000e+03 1.90400000e+03 1.90900000e+03
 1.81800000e+03 1.73900000e+03 1.82600000e+03 1.81900000e+03 1.82700000e+03 1.83100000e+03 3.38500000e+03 1.70600000e+03 1.90400000e+03 1.90400000e+03 1.90400000e+03 1.90700000e+03
 1.81900000e+03 1.73900000e+03 1.82900000e+03 1.82200000e+03 1.82700000e+03 1.82900000e+03 3.38700000e+03 1.70200000e+03 1.90400000e+03 1.90400000e+03 1.90400000e+03 1.90600000e+03
 1.81800000e+03 1.73900000e+03 1.82800000e+03 1.82300000e+03 1.82900000e+03 1.83100000e+03 3.38300000e+03 1.70300000e+03 1.90400000e+03 1.90700000e+03 1.90400000e+03 1.91000000e+03
 1.81700000e+03 1.73900000e+03 1.82800000e+03 1.81900000e+03 1.83100000e+03 1.83000000e+03 3.38300000e+03 1.70200000e+03 1.90400000e+03 1.90400000e+03 1.90400000e+03 1.90700000e+03
 1.81700000e+03 1.73700000e+03 1.83100000e+03 1.82200000e+03 1.82700000e+03 1.82900000e+03 3.38100000e+03 1.70300000e+03 1.90400000e+03 1.90500000e+03 1.90400000e+03 1.90500000e+03
 1.81700000e+03 1.73900000e+03 1.83000000e+03 1.82200000e+03 1.82600000e+03 1.83000000e+03 3.38300000e+03 1.70600000e+03 1.90400000e+03 1.90600000e+03 1.90400000e+03 1.90800000e+03
 1.81800000e+03 1.74000000e+03 1.82800000e+03 1.82100000e+03 1.82700000e+03 1.83000000e+03 3.38300000e+03 1.70600000e+03 1.90400000e+03 1.90500000e+03 1.90400000e+03 1.90700000e+03
 1.81700000e+03 1.73800000e+03 1.82900000e+03 1.82200000e+03 1.82700000e+03 1.83000000e+03 3.38300000e+03 1.70400000e+03 1.90400000e+03 1.90400000e+03 1.90400000e+03 1.90700000e+03
 1.81700000e+03 1.74000000e+03 1.82700000e+03 1.82200000e+03 1.82700000e+03 1.83000000e+03 3.38300000e+03 1.70300000e+03 1.90300000e+03 1.90400000e+03 1.90400000e+03 1.90600000e+03
 1.81500000e+03 1.73900000e+03 1.82700000e+03 1.82200000e+03 1.82600000e+03 1.82700000e+03 3.38300000e+03 1.70300000e+03 1.90400000e+03 1.90500000e+03 1.90400000e+03 1.90600000e+03
 1.81700000e+03 1.73800000e+03 1.83000000e+03 1.81900000e+03 1.82600000e+03 1.83000000e+03 3.38300000e+03 1.70500000e+03 1.90400000e+03 1.90400000e+03 1.90400000e+03 1.90600000e+03
 1.81700000e+03 1.73900000e+03 1.82700000e+03 1.82100000e+03 1.83100000e+03 1.82900000e+03 3.38200000e+03 1.70300000e+03 1.90400000e+03 1.90400000e+03 1.90400000e+03 1.90900000e+03
 1.81700000e+03 1.73900000e+03 1.82700000e+03 1.82100000e+03 1.82600000e+03 1.83000000e+03 3.38600000e+03 1.70200000e+03 1.90400000e+03 1.90500000e+03 1.90500000e+03 1.90700000e+03
 1.81800000e+03 1.73700000e+03 1.82900000e+03 1.81900000e+03 1.82700000e+03 1.83000000e+03 3.38600000e+03 1.70300000e+03 1.90400000e+03 1.90400000e+03 1.90500000e+03 1.90800000e+03
 1.81900000e+03 1.73900000e+03 1.83100000e+03 1.81900000e+03 1.83000000e+03 1.83100000e+03 3.38300000e+03 1.70200000e+03 1.90300000e+03 1.90400000e+03 1.90400000e+03 1.90900000e+03
 1.81800000e+03 1.73900000e+03 1.82700000e+03 1.81900000e+03 1.82600000e+03 1.82900000e+03 3.38800000e+03 1.70500000e+03 1.90400000e+03 1.90400000e+03 1.90400000e+03 1.90900000e+03
 1.81800000e+03 1.73900000e+03 1.83100000e+03 1.82100000e+03 1.82500000e+03 1.82900000e+03 3.38400000e+03 1.70200000e+03 1.90400000e+03 1.90600000e+03 1.90400000e+03 1.90700000e+03
 1.81700000e+03 1.74100000e+03 1.83000000e+03 1.82200000e+03 1.82500000e+03 1.82900000e+03 3.38600000e+03 1.70300000e+03 1.90400000e+03 1.90700000e+03 1.90600000e+03 1.90700000e+03
 1.81800000e+03 1.73900000e+03 1.82700000e+03 1.82300000e+03 1.82500000e+03 1.83100000e+03 3.38700000e+03 1.70500000e+03 1.90400000e+03 1.90600000e+03 1.90400000e+03 1.90700000e+03
 1.81600000e+03 1.74100000e+03 1.83000000e+03 1.81900000e+03 1.82900000e+03 1.82900000e+03 3.38300000e+03 1.70300000e+03 1.90400000e+03 1.90600000e+03 1.90500000e+03 1.90700000e+03
 1.82200000e+03 1.73800000e+03 1.82900000e+03 1.81900000e+03 1.82800000e+03 1.83000000e+03 3.38300000e+03 1.70300000e+03 1.90400000e+03 1.90400000e+03 1.90500000e+03 1.90700000e+03
 1.82100000e+03 1.73800000e+03 1.82700000e+03 1.82100000e+03 1.82700000e+03 1.82900000e+03 3.38900000e+03 1.70300000e+03 1.90400000e+03 1.90400000e+03 1.90400000e+03 1.90600000e+03
 1.81800000e+03 1.73800000e+03 1.83000000e+03 1.82200000e+03 1.83000000e+03 1.83000000e+03 3.38300000e+03 1.70200000e+03 1.90400000e+03 1.90600000e+03 1.90400000e+03 1.90600000e+03
 1.81800000e+03 1.73800000e+03 1.83000000e+03 1.82300000e+03 1.82600000e+03 1.83000000e+03 3.38600000e+03 1.70300000e+03 1.90400000e+03 1.90400000e+03 1.90500000e+03 1.90700000e+03
 1.81900000e+03 1.74100000e+03 1.83000000e+03 1.82100000e+03 1.82600000e+03 1.82700000e+03 3.38600000e+03 1.70500000e+03 1.90300000e+03 1.90400000e+03 1.90400000e+03 1.90700000e+03
 1.81800000e+03 1.73800000e+03 1.82900000e+03 1.81900000e+03 1.82600000e+03 1.82900000e+03 3.38100000e+03 1.70200000e+03 1.90400000e+03 1.90500000e+03 1.90400000e+03 1.90700000e+03
 1.81400000e+03 1.73900000e+03 1.83000000e+03 1.82100000e+03 1.82700000e+03 1.82800000e+03 3.38300000e+03 1.70200000e+03 1.90500000e+03 1.90500000e+03 1.90500000e+03 1.90800000e+03
 1.81700000e+03 1.73500000e+03 1.83000000e+03 1.82400000e+03 1.82700000e+03 1.83000000e+03 3.38300000e+03 1.70200000e+03 1.18900000e+03 1.90600000e+03 1.90500000e+03 1.91800000e+03
 1.69300000e+03 1.74000000e+03 1.82700000e+03 1.81800000e+03 1.83000000e+03 1.82800000e+03 3.38500000e+03 1.70500000e+03 2.51300000e+03 1.90400000e+03 1.90400000e+03 1.98700000e+03
 1.76200000e+03 1.73700000e+03 1.82900000e+03 1.83700000e+03 1.82900000e+03 1.83000000e+03 3.38700000e+03 1.70600000e+03 1.80800000e+03 1.90500000e+03 1.90400000e+03 1.93600000e+03
 1.90200000e+03 1.73900000e+03 1.83000000e+03 1.80400000e+03 1.82700000e+03 1.83100000e+03 3.38700000e+03 1.70300000e+03 1.91500000e+03 1.90400000e+03 1.90400000e+03 1.92900000e+03
 1.81100000e+03 1.73900000e+03 1.82900000e+03 1.80700000e+03 1.82900000e+03 1.83100000e+03 3.38400000e+03 1.70600000e+03 1.89400000e+03 1.90400000e+03 1.90500000e+03 1.88200000e+03
 1.76100000e+03 1.73900000e+03 1.82700000e+03 1.83800000e+03 1.82400000e+03 1.82900000e+03 3.38300000e+03 1.70200000e+03 1.91800000e+03 1.90400000e+03 1.90400000e+03 1.91700000e+03
 1.80100000e+03 1.73900000e+03 1.82700000e+03 1.84000000e+03 1.82600000e+03 1.82900000e+03 3.38500000e+03 1.70100000e+03 1.89500000e+03 1.90400000e+03 1.90400000e+03 1.94100000e+03
 1.84000000e+03 1.73800000e+03 1.83000000e+03 1.81500000e+03 1.82700000e+03 1.83000000e+03 3.38700000e+03 1.70300000e+03 1.89300000e+03 1.90600000e+03 1.90400000e+03 1.89300000e+03
 1.83100000e+03 1.74100000e+03 1.82700000e+03 1.80400000e+03 1.82700000e+03 1.82900000e+03 3.38200000e+03 1.70200000e+03 1.89700000e+03 1.90500000e+03 1.90400000e+03 1.88600000e+03
 1.80900000e+03 1.73900000e+03 1.82700000e+03 1.81700000e+03 1.82900000e+03 1.83000000e+03 3.38700000e+03 1.70700000e+03 1.90900000e+03 1.90500000e+03 1.90400000e+03 1.90300000e+03
 1.80500000e+03 1.73900000e+03 1.82900000e+03 1.84000000e+03 1.82600000e+03 1.83000000e+03 3.38600000e+03 1.70600000e+03 1.91900000e+03 1.90500000e+03 1.90400000e+03 1.92600000e+03
 1.82500000e+03 1.73900000e+03 1.82800000e+03 1.82700000e+03 1.83000000e+03 1.82700000e+03 3.38300000e+03 1.70200000e+03 1.90100000e+03 1.90500000e+03 1.90500000e+03 1.92000000e+03
 1.82500000e+03 1.73700000e+03 1.83000000e+03 1.80900000e+03 1.82800000e+03 1.83000000e+03 3.38300000e+03 1.70300000e+03 1.89100000e+03 1.90600000e+03 1.90400000e+03 1.89500000e+03
 1.81300000e+03 1.73900000e+03 1.83100000e+03 1.80900000e+03 1.82600000e+03 1.83000000e+03 3.38500000e+03 1.70600000e+03 1.90400000e+03 1.90500000e+03 1.90400000e+03 1.89400000e+03
 1.81000000e+03 1.73700000e+03 1.83100000e+03 1.82600000e+03 1.82700000e+03 1.82900000e+03 3.38700000e+03 1.70300000e+03 1.91600000e+03 1.90700000e+03 1.90400000e+03 1.91900000e+03
 1.81400000e+03 1.74000000e+03 1.82800000e+03 1.83500000e+03 1.82900000e+03 1.82900000e+03 3.38300000e+03 1.70300000e+03 1.90500000e+03 1.90500000e+03 1.90400000e+03 1.92200000e+03
 1.81900000e+03 1.73800000e+03 1.82900000e+03 1.82100000e+03 1.82900000e+03 1.83000000e+03 3.38600000e+03 1.70500000e+03 1.89200000e+03 1.90400000e+03 1.90400000e+03 1.90700000e+03
 1.82200000e+03 1.73800000e+03 1.83000000e+03 1.81000000e+03 1.82900000e+03 1.82800000e+03 3.38600000e+03 1.70500000e+03 1.89900000e+03 1.90400000e+03 1.90400000e+03 1.89700000e+03
 1.81400000e+03 1.73900000e+03 1.83100000e+03 1.81700000e+03 1.82700000e+03 1.82700000e+03 3.38600000e+03 1.70200000e+03 1.91100000e+03 1.90400000e+03 1.90400000e+03 1.90600000e+03
 1.81100000e+03 1.74000000e+03 1.83000000e+03 1.82500000e+03 1.82600000e+03 1.83000000e+03 3.38200000e+03 1.70300000e+03 1.90700000e+03 1.90500000e+03 1.90400000e+03 1.91700000e+03
 1.81600000e+03 1.73900000e+03 1.82700000e+03 1.82300000e+03 1.82600000e+03 1.83100000e+03 3.38700000e+03 1.70300000e+03 1.89900000e+03 1.90700000e+03 1.90400000e+03 1.91200000e+03
 1.82400000e+03 1.73900000e+03 1.83100000e+03 1.81700000e+03 1.82600000e+03 1.83000000e+03 3.38500000e+03 1.70300000e+03 1.89800000e+03 1.90600000e+03 1.90400000e+03 1.90400000e+03
 1.82300000e+03 1.73900000e+03 1.83100000e+03 1.81900000e+03 1.82700000e+03 1.83000000e+03 3.38300000e+03 1.70200000e+03 1.90600000e+03 1.90500000e+03 1.90400000e+03 1.90400000e+03
 1.81500000e+03 1.74000000e+03 1.83000000e+03 1.82200000e+03 1.82600000e+03 1.83100000e+03 3.38700000e+03 1.70700000e+03 1.91000000e+03 1.90500000e+03 1.90500000e+03 1.91100000e+03
 1.81700000e+03 1.74000000e+03 1.83100000e+03 1.82400000e+03 1.82700000e+03 1.83000000e+03 3.38200000e+03 1.70400000e+03 1.90400000e+03 1.90400000e+03 1.90400000e+03 1.91300000e+03
 1.81900000e+03 1.73500000e+03 1.82800000e+03 1.82100000e+03 1.82900000e+03 1.83100000e+03 3.38500000e+03 1.70200000e+03 1.89900000e+03 1.90400000e+03 1.90400000e+03 1.90600000e+03
 1.82100000e+03 1.74400000e+03 1.83000000e+03 1.82100000e+03 1.82800000e+03 1.82900000e+03 3.38500000e+03 1.70600000e+03 1.90400000e+03 1.90600000e+03 1.90400000e+03 1.90400000e+03
 1.81400000e+03 1.74100000e+03 1.82900000e+03 1.80800000e+03 1.82600000e+03 1.83100000e+03 3.38600000e+03 1.70300000e+03 1.90500000e+03 1.90600000e+03 1.90400000e+03 1.90700000e+03
 1.81300000e+03 1.74100000e+03 1.83200000e+03 1.81900000e+03 1.82800000e+03 1.83100000e+03 3.38300000e+03 1.70300000e+03 1.90400000e+03 1.90400000e+03 1.90400000e+03 1.91300000e+03
 1.81900000e+03 1.72900000e+03 1.82700000e+03 1.82200000e+03 1.82500000e+03 1.82900000e+03 3.38300000e+03 1.70100000e+03 1.90100000e+03 1.90600000e+03 1.90400000e+03 1.90900000e+03
 1.82100000e+03 1.73800000e+03 1.82800000e+03 1.81800000e+03 1.82900000e+03 1.82900000e+03 3.38300000e+03 1.70400000e+03 1.90300000e+03 1.90600000e+03 1.90400000e+03 1.90500000e+03
 1.81900000e+03 1.73800000e+03 1.83000000e+03 1.80800000e+03 1.82600000e+03 1.83000000e+03 3.38300000e+03 1.69900000e+03 1.90400000e+03 1.90400000e+03 1.90400000e+03 1.90500000e+03
 1.81500000e+03 1.74300000e+03 1.82700000e+03 1.80800000e+03 1.83100000e+03 1.82400000e+03 3.38500000e+03 1.70100000e+03 1.90400000e+03 1.90500000e+03 1.90400000e+03 1.91000000e+03
 1.81300000e+03 1.75900000e+03 1.82800000e+03 1.82100000e+03 1.83000000e+03 1.82900000e+03 3.38200000e+03 1.70500000e+03 1.90300000e+03 1.90500000e+03 1.90500000e+03 1.90900000e+03
 1.82000000e+03 1.73800000e+03 1.82900000e+03 1.82300000e+03 1.82900000e+03 1.82300000e+03 3.38600000e+03 1.70700000e+03 1.90400000e+03 1.90500000e+03 1.90500000e+03 1.90700000e+03
 1.81800000e+03 1.78200000e+03 1.82800000e+03 1.82100000e+03 1.82600000e+03 1.80800000e+03 3.38500000e+03 1.70300000e+03 1.90400000e+03 1.90500000e+03 1.90400000e+03 1.90600000e+03
 1.81800000e+03 1.79000000e+03 1.83000000e+03 1.80200000e+03 1.82700000e+03 1.83400000e+03 3.38500000e+03 1.70300000e+03 1.90400000e+03 1.90400000e+03 1.90400000e+03 1.90700000e+03
 1.81500000e+03 1.76200000e+03 1.82900000e+03 1.81900000e+03 1.82600000e+03 1.83300000e+03 3.38300000e+03 1.70400000e+03 1.90400000e+03 1.90500000e+03 1.90400000e+03 1.90700000e+03
 1.81700000e+03 1.69800000e+03 1.83000000e+03 1.77400000e+03 1.82700000e+03 1.86300000e+03 3.38300000e+03 1.70200000e+03 1.90400000e+03 1.90400000e+03 1.90300000e+03 1.90700000e+03
 1.81900000e+03 1.72800000e+03 1.83400000e+03 1.78300000e+03 1.82700000e+03 1.82200000e+03 3.38300000e+03 1.70200000e+03 1.90400000e+03 1.90400000e+03 1.90400000e+03 1.90600000e+03
 1.81900000e+03 1.73900000e+03 1.83000000e+03 1.82700000e+03 1.82700000e+03 1.83000000e+03 3.38300000e+03 1.70200000e+03 1.90400000e+03 1.90400000e+03 1.90400000e+03 1.90600000e+03
 1.81600000e+03 1.73900000e+03 1.83000000e+03 1.82100000e+03 1.82700000e+03 1.82700000e+03 3.38500000e+03 1.70600000e+03 1.90400000e+03 1.90400000e+03 1.90400000e+03 1.90600000e+03
 1.81900000e+03 1.73800000e+03 1.83000000e+03 1.82100000e+03 1.82700000e+03 1.82800000e+03 3.38100000e+03 1.70500000e+03 1.90300000e+03 1.90400000e+03 1.90400000e+03 1.90500000e+03
 1.81900000e+03 1.73900000e+03 1.82600000e+03 1.82200000e+03 1.82600000e+03 1.82900000e+03 3.38300000e+03 1.70100000e+03 1.90200000e+03 1.90600000e+03 1.90400000e+03 1.90600000e+03
 1.81500000e+03 1.73900000e+03 1.83000000e+03 1.82100000e+03 1.82800000e+03 1.83000000e+03 3.38500000e+03 1.70200000e+03 1.90400000e+03 1.90400000e+03 1.90400000e+03 1.90500000e+03
 1.81600000e+03 1.74100000e+03 1.83100000e+03 1.82400000e+03 1.82700000e+03 1.82900000e+03 3.38300000e+03 1.70300000e+03 1.90400000e+03 1.90400000e+03 1.90400000e+03 1.90600000e+03
 1.81700000e+03 1.73900000e+03 1.82700000e+03 1.82300000e+03 1.82700000e+03 1.83000000e+03 3.38300000e+03 1.70200000e+03 1.90300000e+03 1.90500000e+03 1.90400000e+03 1.90600000e+03
 1.81700000e+03 1.73700000e+03 1.82900000e+03 1.82300000e+03 1.82700000e+03 1.82900000e+03 3.38300000e+03 1.70300000e+03 1.90400000e+03 1.90400000e+03 1.90400000e+03 1.90900000e+03
 1.81700000e+03 1.74000000e+03 1.82900000e+03 1.81900000e+03 1.82700000e+03 1.82900000e+03 3.38500000e+03 1.70300000e+03 1.90400000e+03 1.90400000e+03 1.90400000e+03 1.90700000e+03
 1.81500000e+03 1.73500000e+03 1.83000000e+03 1.82200000e+03 1.82600000e+03 1.82900000e+03 3.38300000e+03 1.70100000e+03 1.90400000e+03 1.90400000e+03 1.90400000e+03 1.90600000e+03
 1.81800000e+03 1.73800000e+03 1.82700000e+03 1.81900000e+03 1.82900000e+03 1.83100000e+03 3.38300000e+03 1.70100000e+03 1.90400000e+03 1.90400000e+03 1.90400000e+03 1.90900000e+03
 1.81800000e+03 1.73700000e+03 1.83100000e+03 1.82000000e+03 1.82700000e+03 1.82900000e+03 3.38100000e+03 1.70200000e+03 1.90400000e+03 1.90700000e+03 1.90500000e+03 1.90700000e+03
 1.81800000e+03 1.73000000e+03 1.82900000e+03 1.82100000e+03 1.82700000e+03 1.83400000e+03 3.38200000e+03 1.70200000e+03 1.90400000e+03 1.90400000e+03 1.90400000e+03 1.90600000e+03
 1.81800000e+03 1.74000000e+03 1.83000000e+03 1.82000000e+03 1.83000000e+03 1.83100000e+03 3.38600000e+03 1.70300000e+03 1.90300000e+03 1.90500000e+03 1.90400000e+03 1.90900000e+03
 1.81800000e+03 1.74200000e+03 1.83200000e+03 1.81900000e+03 1.82700000e+03 1.83300000e+03 3.38600000e+03 1.70600000e+03 1.90400000e+03 1.90700000e+03 1.90400000e+03 1.90600000e+03
 1.81900000e+03 1.73800000e+03 1.82900000e+03 1.82300000e+03 1.82600000e+03 1.83000000e+03 3.38600000e+03 1.70500000e+03 1.90400000e+03 1.90400000e+03 1.90400000e+03 1.90600000e+03
 1.81800000e+03 1.74300000e+03 1.83000000e+03 1.82100000e+03 1.82700000e+03 1.83300000e+03 3.38300000e+03 1.70200000e+03 1.90400000e+03 1.90400000e+03 1.90400000e+03 1.90700000e+03
 1.81800000e+03 1.73800000e+03 1.83000000e+03 1.82100000e+03 1.83000000e+03 1.82800000e+03 3.38600000e+03 1.70300000e+03 1.90400000e+03 1.90400000e+03 1.90400000e+03 1.90700000e+03
 1.81800000e+03 1.73800000e+03 1.83000000e+03 1.82400000e+03 1.82700000e+03 1.83100000e+03 3.38300000e+03 1.70300000e+03 1.90400000e+03 1.90400000e+03 1.90400000e+03 1.90700000e+03
 1.82300000e+03 1.73500000e+03 1.82900000e+03 1.81800000e+03 1.82600000e+03 1.82900000e+03 3.38300000e+03 1.70300000e+03 1.58400000e+03 1.90500000e+03 1.90400000e+03 1.77600000e+03
 1.90000000e+03 1.73900000e+03 1.83000000e+03 1.81100000e+03 1.83000000e+03 1.83300000e+03 3.38500000e+03 1.70300000e+03 2.26300000e+03 1.90400000e+03 1.90400000e+03 1.86100000e+03
 1.77300000e+03 1.73900000e+03 1.83000000e+03 1.83800000e+03 1.82900000e+03 1.83000000e+03 3.38300000e+03 1.70200000e+03 2.00100000e+03 1.90700000e+03 1.90600000e+03 1.97300000e+03
 1.74600000e+03 1.73900000e+03 1.82700000e+03 1.81900000e+03 1.82700000e+03 1.83000000e+03 3.38500000e+03 1.70200000e+03 1.80300000e+03 1.90500000e+03 1.90400000e+03 1.92000000e+03
 1.89900000e+03 1.74000000e+03 1.82700000e+03 1.80800000e+03 1.82700000e+03 1.83100000e+03 3.38800000e+03 1.70500000e+03 1.84300000e+03 1.90700000e+03 1.90400000e+03 1.87200000e+03
 1.89400000e+03 1.73700000e+03 1.82700000e+03 1.81000000e+03 1.83000000e+03 1.83000000e+03 3.39100000e+03 1.70500000e+03 1.96200000e+03 1.90700000e+03 1.90400000e+03 1.85900000e+03
 1.78600000e+03 1.74200000e+03 1.83200000e+03 1.83500000e+03 1.82700000e+03 1.83100000e+03 3.38700000e+03 1.70500000e+03 1.96200000e+03 1.90500000e+03 1.90400000e+03 1.93400000e+03
 1.75300000e+03 1.73800000e+03 1.83100000e+03 1.84000000e+03 1.83100000e+03 1.83100000e+03 3.38300000e+03 1.70300000e+03 1.88300000e+03 1.90500000e+03 1.90400000e+03 1.96800000e+03
 1.82600000e+03 1.73900000e+03 1.83100000e+03 1.81100000e+03 1.82800000e+03 1.82900000e+03 3.38300000e+03 1.70200000e+03 1.84700000e+03 1.90400000e+03 1.90400000e+03 1.89900000e+03
 1.87200000e+03 1.73800000e+03 1.83100000e+03 1.80300000e+03 1.82600000e+03 1.83000000e+03 3.38300000e+03 1.70300000e+03 1.91800000e+03 1.90500000e+03 1.90400000e+03 1.87600000e+03
 1.82600000e+03 1.74100000e+03 1.83100000e+03 1.81800000e+03 1.82900000e+03 1.83000000e+03 3.38300000e+03 1.70300000e+03 1.93600000e+03 1.90600000e+03 1.90400000e+03 1.89900000e+03
 1.77600000e+03 1.73900000e+03 1.82900000e+03 1.83800000e+03 1.82700000e+03 1.84300000e+03 3.38300000e+03 1.70300000e+03 1.90300000e+03 1.90400000e+03 1.90400000e+03 1.93300000e+03
 1.80800000e+03 1.69700000e+03 1.82700000e+03 1.83300000e+03 1.82700000e+03 1.82600000e+03 3.38300000e+03 1.70200000e+03 1.87500000e+03 1.90500000e+03 1.90400000e+03 1.92300000e+03
 1.84700000e+03 1.72700000e+03 1.82800000e+03 1.80800000e+03 1.82700000e+03 1.83700000e+03 3.38300000e+03 1.70200000e+03 1.89900000e+03 1.90500000e+03 1.90400000e+03 1.89400000e+03
 1.83500000e+03 1.74100000e+03 1.82700000e+03 1.81300000e+03 1.82400000e+03 1.82900000e+03 3.38600000e+03 1.70500000e+03 1.91900000e+03 1.90500000e+03 1.90300000e+03 1.90100000e+03
 1.80200000e+03 1.74100000e+03 1.82900000e+03 1.82700000e+03 1.83000000e+03 1.83000000e+03 3.38300000e+03 1.74800000e+03 1.90700000e+03 1.90400000e+03 1.90400000e+03 1.91700000e+03
 1.80800000e+03 1.73500000e+03 1.82900000e+03 1.82900000e+03 1.83000000e+03 1.82900000e+03 3.38300000e+03 1.70200000e+03 1.89500000e+03 1.90400000e+03 1.90400000e+03 1.91500000e+03
 1.82700000e+03 1.73500000e+03 1.83100000e+03 1.81900000e+03 1.82700000e+03 1.82900000e+03 3.38300000e+03 1.70300000e+03 1.89400000e+03 1.90400000e+03 1.90400000e+03 1.90600000e+03
 1.83100000e+03 1.73900000e+03 1.83100000e+03 1.80900000e+03 1.82600000e+03 1.83000000e+03 3.38200000e+03 1.69900000e+03 1.90700000e+03 1.90500000e+03 1.90400000e+03 1.90200000e+03
 1.81500000e+03 1.74100000e+03 1.83000000e+03 1.81900000e+03 1.82600000e+03 1.82900000e+03 3.38600000e+03 1.70500000e+03 1.90900000e+03 1.90500000e+03 1.90400000e+03 1.90900000e+03
 1.80900000e+03 1.73800000e+03 1.82700000e+03 1.82500000e+03 1.82600000e+03 1.82900000e+03 3.39000000e+03 1.70300000e+03 1.90100000e+03 1.90500000e+03 1.90400000e+03 1.91300000e+03
 1.82100000e+03 1.74100000e+03 1.83000000e+03 1.82400000e+03 1.82700000e+03 1.83000000e+03 3.38500000e+03 1.70300000e+03 1.89800000e+03 1.90800000e+03 1.90400000e+03 1.90500000e+03
 1.82300000e+03 1.73800000e+03 1.83000000e+03 1.82100000e+03 1.82700000e+03 1.83000000e+03 3.38500000e+03 1.70500000e+03 1.90500000e+03 1.90400000e+03 1.90400000e+03 1.90400000e+03
 1.81300000e+03 1.73700000e+03 1.82900000e+03 1.81800000e+03 1.82700000e+03 1.83000000e+03 3.38300000e+03 1.70200000e+03 1.90500000e+03 1.90400000e+03 1.90400000e+03 1.90600000e+03
 1.81000000e+03 1.73800000e+03 1.82900000e+03 1.82200000e+03 1.82600000e+03 1.82700000e+03 3.38200000e+03 1.70600000e+03 1.90400000e+03 1.90600000e+03 1.90400000e+03 1.91300000e+03
 1.81700000e+03 1.73900000e+03 1.83100000e+03 1.82400000e+03 1.82600000e+03 1.82700000e+03 3.38100000e+03 1.70200000e+03 1.90100000e+03 1.90400000e+03 1.90400000e+03 1.91100000e+03
 1.81900000e+03 1.73900000e+03 1.82700000e+03 1.81900000e+03 1.82700000e+03 1.83000000e+03 3.38600000e+03 1.70200000e+03 1.90100000e+03 1.90500000e+03 1.90500000e+03 1.90400000e+03
 1.81900000e+03 1.73900000e+03 1.83000000e+03 1.82200000e+03 1.82900000e+03 1.82900000e+03 3.38300000e+03 1.70100000e+03 1.90400000e+03 1.90900000e+03 1.90400000e+03 1.90400000e+03
 1.81500000e+03 1.73800000e+03 1.82900000e+03 1.81900000e+03 1.82500000e+03 1.83000000e+03 3.38100000e+03 1.70600000e+03 1.90400000e+03 1.90600000e+03 1.90400000e+03 1.90700000e+03
 1.81400000e+03 1.73900000e+03 1.82900000e+03 1.82100000e+03 1.82900000e+03 1.82900000e+03 3.38100000e+03 1.70100000e+03 1.90300000e+03 1.90500000e+03 1.90400000e+03 1.90900000e+03
 1.81800000e+03 1.73700000e+03 1.83000000e+03 1.81900000e+03 1.82700000e+03 1.83000000e+03 3.38500000e+03 1.70300000e+03 1.90300000e+03 1.90400000e+03 1.90400000e+03 1.90800000e+03
 1.81900000e+03 1.73900000e+03 1.82900000e+03 1.82200000e+03 1.82700000e+03 1.83000000e+03 3.38300000e+03 1.70200000e+03 1.90400000e+03 1.90600000e+03 1.90400000e+03 1.90400000e+03
 1.81400000e+03 1.73800000e+03 1.82900000e+03 1.82100000e+03 1.83000000e+03 1.83100000e+03 3.38300000e+03 1.70300000e+03 1.90400000e+03 1.90600000e+03 1.90400000e+03 1.90900000e+03
 1.81700000e+03 1.74000000e+03 1.82700000e+03 1.82100000e+03 1.82700000e+03 1.82900000e+03 3.38300000e+03 1.70600000e+03 1.90500000e+03 1.90500000e+03 1.90400000e+03 1.90900000e+03
 1.81900000e+03 1.73900000e+03 1.82900000e+03 1.81800000e+03 1.82900000e+03 1.82900000e+03 3.38700000e+03 1.70300000e+03 1.90300000e+03 1.90800000e+03 1.90400000e+03 1.91000000e+03
 1.81800000e+03 1.73900000e+03 1.82900000e+03 1.82000000e+03 1.83000000e+03 1.83000000e+03 3.38300000e+03 1.70300000e+03 1.90400000e+03 1.90400000e+03 1.90400000e+03 1.90700000e+03
 1.82100000e+03 1.74100000e+03 1.82700000e+03 1.81900000e+03 1.82700000e+03 1.82900000e+03 3.38300000e+03 1.70200000e+03 1.90400000e+03 1.90700000e+03 1.90400000e+03 1.90600000e+03
 1.81700000e+03 1.73900000e+03 1.83100000e+03 1.82100000e+03 1.82700000e+03 1.82800000e+03 3.38100000e+03 1.70300000e+03 1.90400000e+03 1.90600000e+03 1.90400000e+03 1.90700000e+03
 1.81500000e+03 1.73700000e+03 1.82700000e+03 1.82200000e+03 1.82700000e+03 1.82900000e+03 3.38300000e+03 1.70100000e+03 1.90400000e+03 1.90500000e+03 1.90400000e+03 1.90800000e+03
 1.81800000e+03 1.73900000e+03 1.83000000e+03 1.82100000e+03 1.82500000e+03 1.82900000e+03 3.38600000e+03 1.70100000e+03 1.90300000e+03 1.90500000e+03 1.90400000e+03 1.90500000e+03
 1.81900000e+03 1.73800000e+03 1.82900000e+03 1.82200000e+03 1.82900000e+03 1.83100000e+03 3.38100000e+03 1.70300000e+03 1.90300000e+03 1.90400000e+03 1.90400000e+03 1.90700000e+03
 1.81800000e+03 1.73900000e+03 1.83100000e+03 1.82100000e+03 1.82700000e+03 1.82900000e+03 3.38700000e+03 1.70300000e+03 1.90400000e+03 1.90400000e+03 1.90400000e+03 1.90600000e+03
 1.81700000e+03 1.73900000e+03 1.83100000e+03 1.82400000e+03 1.82900000e+03 1.82700000e+03 3.38200000e+03 1.70500000e+03 1.90400000e+03 1.90600000e+03 1.90400000e+03 1.90700000e+03
 1.81800000e+03 1.73800000e+03 1.83000000e+03 1.82200000e+03 1.82700000e+03 1.82800000e+03 3.37800000e+03 1.70100000e+03 1.90400000e+03 1.90400000e+03 1.90400000e+03 1.90700000e+03
 1.82100000e+03 1.73800000e+03 1.82900000e+03 1.82100000e+03 1.82700000e+03 1.82900000e+03 3.38600000e+03 1.70300000e+03 1.90400000e+03 1.90500000e+03 1.90400000e+03 1.90600000e+03
 1.81500000e+03 1.73900000e+03 1.82900000e+03 1.82100000e+03 1.82900000e+03 1.83100000e+03 3.38700000e+03 1.70200000e+03 1.90300000e+03 1.90600000e+03 1.90400000e+03 1.90600000e+03
 1.81800000e+03 1.73900000e+03 1.83100000e+03 1.82300000e+03 1.82900000e+03 1.82900000e+03 3.38900000e+03 1.70600000e+03 1.90400000e+03 1.90600000e+03 1.90400000e+03 1.90800000e+03
 1.81700000e+03 1.74200000e+03 1.82900000e+03 1.82000000e+03 1.82600000e+03 1.83100000e+03 3.38600000e+03 1.70600000e+03 1.90400000e+03 1.90500000e+03 1.90500000e+03 1.90600000e+03
 1.81800000e+03 1.73700000e+03 1.82700000e+03 1.82300000e+03 1.82500000e+03 1.82900000e+03 3.38300000e+03 1.70500000e+03 1.90300000e+03 1.90400000e+03 1.90400000e+03 1.90500000e+03
 1.81900000e+03 1.73800000e+03 1.82600000e+03 1.82300000e+03 1.82500000e+03 1.82500000e+03 3.38300000e+03 1.70300000e+03 1.90400000e+03 1.90500000e+03 1.90400000e+03 1.90600000e+03
 1.81800000e+03 1.73500000e+03 1.82900000e+03 1.81900000e+03 1.82700000e+03 1.83000000e+03 3.38600000e+03 1.70200000e+03 1.90400000e+03 1.90400000e+03 1.90400000e+03 1.90600000e+03
 1.81500000e+03 1.73800000e+03 1.83100000e+03 1.82200000e+03 1.82800000e+03 1.83000000e+03 3.38500000e+03 1.70300000e+03 1.90400000e+03 1.90500000e+03 1.90300000e+03 1.90500000e+03
 1.81800000e+03 1.73800000e+03 1.82900000e+03 1.82300000e+03 1.82600000e+03 1.83000000e+03 3.38400000e+03 1.70200000e+03 1.90400000e+03 1.90500000e+03 1.90400000e+03 1.90600000e+03
 1.81900000e+03 1.73800000e+03 1.82800000e+03 1.82000000e+03 1.82600000e+03 1.82700000e+03 3.38500000e+03 1.70300000e+03 1.90100000e+03 1.90400000e+03 1.90400000e+03 1.90600000e+03
 1.81900000e+03 1.73900000e+03 1.82600000e+03 1.81900000e+03 1.82600000e+03 1.82700000e+03 3.38100000e+03 1.70300000e+03 1.90400000e+03 1.90400000e+03 1.90400000e+03 1.90700000e+03
 1.81700000e+03 1.74000000e+03 1.82900000e+03 1.82300000e+03 1.82900000e+03 1.83000000e+03 3.38300000e+03 1.70400000e+03 1.90400000e+03 1.90700000e+03 1.90500000e+03 1.90800000e+03
 1.81900000e+03 1.73900000e+03 1.82900000e+03 1.82100000e+03 1.82900000e+03 1.83100000e+03 3.38500000e+03 1.70200000e+03 1.90300000e+03 1.90400000e+03 1.90400000e+03 1.90800000e+03
 1.81900000e+03 1.73900000e+03 1.82700000e+03 1.81900000e+03 1.82600000e+03 1.82900000e+03 3.38500000e+03 1.70200000e+03 1.90400000e+03 1.90500000e+03 1.90400000e+03 1.90300000e+03
 1.81500000e+03 1.73800000e+03 1.82900000e+03 1.82300000e+03 1.82700000e+03 1.83000000e+03 3.38600000e+03 1.70500000e+03 2.08700000e+03 1.90600000e+03 1.90400000e+03 1.95400000e+03
 1.90400000e+03 1.73800000e+03 1.83000000e+03 1.80800000e+03 1.82600000e+03 1.82900000e+03 3.38300000e+03 1.70700000e+03 1.87700000e+03 1.90400000e+03 1.90400000e+03 1.82500000e+03
 1.88700000e+03 1.73900000e+03 1.83100000e+03 1.80800000e+03 1.82900000e+03 1.82700000e+03 3.38300000e+03 1.70500000e+03 1.91800000e+03 1.90600000e+03 1.90400000e+03 1.79000000e+03
 1.85100000e+03 1.74000000e+03 1.82700000e+03 1.83100000e+03 1.82700000e+03 1.83100000e+03 3.38300000e+03 1.70600000e+03 1.98500000e+03 1.90600000e+03 1.90400000e+03 1.93000000e+03
 1.77400000e+03 1.73900000e+03 1.83000000e+03 1.84400000e+03 1.82700000e+03 1.82800000e+03 3.38500000e+03 1.70200000e+03 1.88500000e+03 1.90400000e+03 1.90400000e+03 1.98100000e+03
 1.80500000e+03 1.73800000e+03 1.82900000e+03 1.80800000e+03 1.82700000e+03 1.82900000e+03 3.38300000e+03 1.70500000e+03 1.81400000e+03 1.90500000e+03 1.90400000e+03 1.90300000e+03
 1.87200000e+03 1.73800000e+03 1.82700000e+03 1.79900000e+03 1.82700000e+03 1.83000000e+03 3.38100000e+03 1.70200000e+03 1.90400000e+03 1.90400000e+03 1.90400000e+03 1.86500000e+03
 1.85300000e+03 1.73700000e+03 1.82900000e+03 1.82300000e+03 1.82400000e+03 1.82700000e+03 3.38500000e+03 1.70300000e+03 1.95100000e+03 1.90500000e+03 1.90400000e+03 1.88700000e+03
 1.77700000e+03 1.73900000e+03 1.82900000e+03 1.84000000e+03 1.82900000e+03 1.82800000e+03 3.38500000e+03 1.70300000e+03 1.92600000e+03 1.90400000e+03 1.90400000e+03 1.94900000e+03
 1.79200000e+03 1.73800000e+03 1.83300000e+03 1.82900000e+03 1.82700000e+03 1.82700000e+03 3.38100000e+03 1.70300000e+03 1.86100000e+03 1.90500000e+03 1.90400000e+03 1.93200000e+03
 1.83500000e+03 1.73800000e+03 1.83000000e+03 1.80500000e+03 1.82600000e+03 1.83300000e+03 3.38700000e+03 1.70300000e+03 1.87200000e+03 1.90400000e+03 1.90400000e+03 1.88800000e+03
 1.84900000e+03 1.73700000e+03 1.83000000e+03 1.80900000e+03 1.82700000e+03 1.82900000e+03 3.38200000e+03 1.70300000e+03 1.92500000e+03 1.90400000e+03 1.90400000e+03 1.88700000e+03
 1.80900000e+03 1.73700000e+03 1.82700000e+03 1.83000000e+03 1.82900000e+03 1.83000000e+03 3.37900000e+03 1.70500000e+03 1.92700000e+03 1.90400000e+03 1.90400000e+03 1.91900000e+03
 1.79200000e+03 1.73900000e+03 1.82900000e+03 1.83100000e+03 1.82800000e+03 1.82900000e+03 3.38300000e+03 1.70300000e+03 1.88800000e+03 1.90500000e+03 1.90400000e+03 1.92300000e+03
 1.82200000e+03 1.73800000e+03 1.83000000e+03 1.82300000e+03 1.83000000e+03 1.82700000e+03 3.38500000e+03 1.70300000e+03 1.88100000e+03 1.90500000e+03 1.90400000e+03 1.90400000e+03
 1.84000000e+03 1.73900000e+03 1.83000000e+03 1.80800000e+03 1.82600000e+03 1.82900000e+03 3.38300000e+03 1.70600000e+03 1.90700000e+03 1.90500000e+03 1.90400000e+03 1.89400000e+03
 1.81400000e+03 1.73900000e+03 1.82900000e+03 1.81900000e+03 1.82600000e+03 1.83400000e+03 3.38200000e+03 1.70300000e+03 1.92000000e+03 1.90500000e+03 1.90400000e+03 1.90900000e+03
 1.80600000e+03 1.74000000e+03 1.82900000e+03 1.82800000e+03 1.82700000e+03 1.82900000e+03 3.38500000e+03 1.70100000e+03 1.90200000e+03 1.90400000e+03 1.90400000e+03 1.91900000e+03
 1.81600000e+03 1.73900000e+03 1.83000000e+03 1.82400000e+03 1.83000000e+03 1.83100000e+03 3.38300000e+03 1.70200000e+03 1.89000000e+03 1.90500000e+03 1.90400000e+03 1.90700000e+03
 1.82900000e+03 1.73900000e+03 1.83000000e+03 1.81700000e+03 1.82700000e+03 1.83000000e+03 3.38300000e+03 1.70300000e+03 1.90400000e+03 1.90500000e+03 1.90400000e+03 1.90200000e+03
 1.81900000e+03 1.73900000e+03 1.82900000e+03 1.81700000e+03 1.82600000e+03 1.82900000e+03 3.38700000e+03 1.70500000e+03 1.90900000e+03 1.90500000e+03 1.90400000e+03 1.90500000e+03
 1.80800000e+03 1.73900000e+03 1.83000000e+03 1.82200000e+03 1.82700000e+03 1.82900000e+03 3.38300000e+03 1.70300000e+03 1.90700000e+03 1.90400000e+03 1.90400000e+03 1.91500000e+03
 1.81400000e+03 1.73700000e+03 1.82900000e+03 1.82500000e+03 1.82800000e+03 1.83100000e+03 3.38300000e+03 1.70200000e+03 1.89700000e+03 1.90500000e+03 1.90400000e+03 1.91000000e+03
 1.82400000e+03 1.74000000e+03 1.83300000e+03 1.82300000e+03 1.83000000e+03 1.82900000e+03 3.38600000e+03 1.70700000e+03 1.89900000e+03 1.90500000e+03 1.90500000e+03 1.90400000e+03
 1.82300000e+03 1.73900000e+03 1.82900000e+03 1.81900000e+03 1.82500000e+03 1.83000000e+03 3.38100000e+03 1.70500000e+03 1.90600000e+03 1.90400000e+03 1.90400000e+03 1.90400000e+03
 1.81700000e+03 1.73800000e+03 1.82900000e+03 1.82100000e+03 1.82800000e+03 1.83000000e+03 3.38300000e+03 1.70500000e+03 1.90600000e+03 1.90800000e+03 1.90600000e+03 1.90800000e+03
 1.81300000e+03 1.73800000e+03 1.83100000e+03 1.82200000e+03 1.83000000e+03 1.83000000e+03 3.38300000e+03 1.70200000e+03 1.90400000e+03 1.90500000e+03 1.90400000e+03 1.90900000e+03
 1.82000000e+03 1.73800000e+03 1.83000000e+03 1.82300000e+03 1.82600000e+03 1.82900000e+03 3.38100000e+03 1.70200000e+03 1.90200000e+03 1.90500000e+03 1.90400000e+03 1.90600000e+03
 1.82100000e+03 1.73500000e+03 1.82700000e+03 1.81900000e+03 1.82700000e+03 1.83000000e+03 3.38600000e+03 1.70300000e+03 1.90400000e+03 1.90600000e+03 1.90400000e+03 1.90500000e+03
 1.81500000e+03 1.73800000e+03 1.82900000e+03 1.82200000e+03 1.82700000e+03 1.83000000e+03 3.38700000e+03 1.70300000e+03 1.90700000e+03 1.90500000e+03 1.90400000e+03 1.90600000e+03
 1.81400000e+03 1.74000000e+03 1.82700000e+03 1.82400000e+03 1.82900000e+03 1.82700000e+03 3.38200000e+03 1.70300000e+03 1.90400000e+03 1.90700000e+03 1.90500000e+03 1.91000000e+03
 1.81700000e+03 1.73900000e+03 1.82900000e+03 1.82200000e+03 1.82900000e+03 1.83100000e+03 3.38700000e+03 1.70200000e+03 1.90300000e+03 1.90600000e+03 1.90400000e+03 1.91000000e+03
 1.82100000e+03 1.78200000e+03 1.82900000e+03 1.82400000e+03 1.82700000e+03 1.83000000e+03 3.38200000e+03 1.70600000e+03 1.90400000e+03 1.90500000e+03 1.90400000e+03 1.90500000e+03
 1.81800000e+03 1.74000000e+03 1.83100000e+03 1.81900000e+03 1.82600000e+03 1.83100000e+03 3.38200000e+03 1.70400000e+03 1.90400000e+03 1.90500000e+03 1.90400000e+03 1.90500000e+03
 1.81500000e+03 1.73700000e+03 1.82600000e+03 1.82300000e+03 1.82600000e+03 1.82100000e+03 3.38600000e+03 1.70500000e+03 1.90400000e+03 1.90600000e+03 1.90400000e+03 1.90900000e+03
 1.81700000e+03 1.76600000e+03 1.82900000e+03 1.82100000e+03 1.82700000e+03 1.82700000e+03 3.38600000e+03 1.70300000e+03 1.90400000e+03 1.90500000e+03 1.90500000e+03 1.90900000e+03
 1.82100000e+03 1.74200000e+03 1.82900000e+03 1.82200000e+03 1.82700000e+03 1.82100000e+03 3.38500000e+03 1.70600000e+03 1.90300000e+03 1.90700000e+03 1.90400000e+03 1.90700000e+03
 1.81700000e+03 1.73900000e+03 1.83300000e+03 1.82300000e+03 1.82600000e+03 1.82700000e+03 3.38300000e+03 1.70500000e+03 1.90400000e+03 1.90500000e+03 1.90400000e+03 1.90400000e+03
 1.81900000e+03 1.73800000e+03 1.83100000e+03 1.81900000e+03 1.83000000e+03 1.83000000e+03 3.38900000e+03 1.70200000e+03 1.90400000e+03 1.90500000e+03 1.90400000e+03 1.90600000e+03
 1.81700000e+03 1.74100000e+03 1.83000000e+03 1.82200000e+03 1.82900000e+03 1.82900000e+03 3.38300000e+03 1.70300000e+03 1.90300000e+03 1.90600000e+03 1.90400000e+03 1.90800000e+03
 1.81700000e+03 1.73900000e+03 1.82800000e+03 1.82000000e+03 1.82600000e+03 1.82900000e+03 3.38300000e+03 1.70200000e+03 1.90400000e+03 1.90500000e+03 1.90400000e+03 1.90600000e+03
 1.81900000e+03 1.73700000e+03 1.82900000e+03 1.82000000e+03 1.82700000e+03 1.82900000e+03 3.38300000e+03 1.70300000e+03 1.90400000e+03 1.90500000e+03 1.90400000e+03 1.90600000e+03
 1.81700000e+03 1.73700000e+03 1.83100000e+03 1.81900000e+03 1.82700000e+03 1.82700000e+03 3.38900000e+03 1.70300000e+03 1.90400000e+03 1.90600000e+03 1.90400000e+03 1.90700000e+03
 1.81800000e+03 1.73900000e+03 1.82900000e+03 1.81900000e+03 1.82700000e+03 1.83300000e+03 3.38500000e+03 1.70600000e+03 1.90400000e+03 1.90500000e+03 1.90400000e+03 1.91100000e+03
 1.81900000e+03 1.73900000e+03 1.82900000e+03 1.82100000e+03 1.82600000e+03 1.82900000e+03 3.38300000e+03 1.70600000e+03 1.90400000e+03 1.90500000e+03 1.90400000e+03 1.90800000e+03
 1.81800000e+03 1.74200000e+03 1.83300000e+03 1.82200000e+03 1.82700000e+03 1.82700000e+03 3.38600000e+03 1.70300000e+03 1.90400000e+03 1.90500000e+03 1.90400000e+03 1.90800000e+03
 1.81700000e+03 1.73900000e+03 1.83000000e+03 1.82100000e+03 1.82700000e+03 1.82800000e+03 3.38500000e+03 1.70700000e+03 1.90400000e+03 1.90400000e+03 1.90400000e+03 1.90500000e+03
 1.81800000e+03 1.73800000e+03 1.82700000e+03 1.82200000e+03 1.83100000e+03 1.82700000e+03 3.38100000e+03 1.70500000e+03 1.90400000e+03 1.90600000e+03 1.90400000e+03 1.90600000e+03
 1.81800000e+03 1.73900000e+03 1.82900000e+03 1.82100000e+03 1.82900000e+03 1.83300000e+03 3.38500000e+03 1.70300000e+03 1.90300000e+03 1.90500000e+03 1.90400000e+03 1.90900000e+03
 1.81700000e+03 1.74100000e+03 1.82700000e+03 1.82100000e+03 1.82500000e+03 1.82900000e+03 3.38300000e+03 1.70300000e+03 1.90200000e+03 1.90500000e+03 1.90400000e+03 1.90600000e+03
 1.82100000e+03 1.73700000e+03 1.83100000e+03 1.82300000e+03 1.82900000e+03 1.82900000e+03 3.38900000e+03 1.70300000e+03 1.90400000e+03 1.90400000e+03 1.90400000e+03 1.90600000e+03
 1.81800000e+03 1.73700000e+03 1.82700000e+03 1.81900000e+03 1.82600000e+03 1.82900000e+03 3.38500000e+03 1.70500000e+03 1.90400000e+03 1.90500000e+03 1.90400000e+03 1.90500000e+03
 1.81500000e+03 1.73800000e+03 1.83000000e+03 1.82200000e+03 1.83100000e+03 1.83000000e+03 3.38200000e+03 1.70300000e+03 1.90400000e+03 1.90400000e+03 1.90400000e+03 1.90700000e+03
 1.81500000e+03 1.73800000e+03 1.82900000e+03 1.81900000e+03 1.82700000e+03 1.83000000e+03 3.38300000e+03 1.70200000e+03 1.90300000e+03 1.90400000e+03 1.90400000e+03 1.90800000e+03
 1.81700000e+03 1.73800000e+03 1.82900000e+03 1.82100000e+03 1.82900000e+03 1.82900000e+03 3.38300000e+03 1.70300000e+03 1.90400000e+03 1.90500000e+03 1.90400000e+03 1.90700000e+03
 1.81500000e+03 1.73900000e+03 1.82900000e+03 1.82200000e+03 1.82800000e+03 1.82700000e+03 3.38100000e+03 1.70500000e+03 1.90300000e+03 1.90400000e+03 1.90400000e+03 1.90500000e+03
 1.81500000e+03 1.73500000e+03 1.82900000e+03 1.82100000e+03 1.82900000e+03 1.82900000e+03 3.38500000e+03 1.70100000e+03 1.90400000e+03 1.90600000e+03 1.90400000e+03 1.90900000e+03
 1.81500000e+03 1.73800000e+03 1.82500000e+03 1.81900000e+03 1.82600000e+03 1.82900000e+03 3.38300000e+03 1.70300000e+03 1.90400000e+03 1.90400000e+03 1.90600000e+03 1.90800000e+03
 1.81700000e+03 1.73900000e+03 1.82900000e+03 1.82100000e+03 1.82900000e+03 1.82900000e+03 3.38900000e+03 1.70200000e+03 1.90400000e+03 1.90500000e+03 1.90500000e+03 1.90600000e+03
 1.81700000e+03 1.73800000e+03 1.83000000e+03 1.82100000e+03 1.82700000e+03 1.83000000e+03 3.38600000e+03 1.70200000e+03 1.90400000e+03 1.90400000e+03 1.90400000e+03 1.90800000e+03
 1.81800000e+03 1.73800000e+03 1.82900000e+03 1.82400000e+03 1.82700000e+03 1.83000000e+03 3.38300000e+03 1.70200000e+03 1.35600000e+03 1.90600000e+03 1.90400000e+03 1.80800000e+03
 1.92200000e+03 1.73500000e+03 1.83000000e+03 1.80800000e+03 1.82600000e+03 1.83100000e+03 3.38700000e+03 1.70300000e+03 2.38400000e+03 1.90400000e+03 1.90400000e+03 1.93500000e+03
 1.77700000e+03 1.73500000e+03 1.82900000e+03 1.83900000e+03 1.82600000e+03 1.82900000e+03 3.38600000e+03 1.70400000e+03 1.96700000e+03 1.90400000e+03 1.90400000e+03 1.97100000e+03
 1.80600000e+03 1.73700000e+03 1.83300000e+03 1.81700000e+03 1.82700000e+03 1.83100000e+03 3.38600000e+03 1.70200000e+03 1.83000000e+03 1.90700000e+03 1.90400000e+03 1.91100000e+03
 1.88500000e+03 1.73700000e+03 1.82900000e+03 1.80700000e+03 1.83100000e+03 1.83100000e+03 3.38300000e+03 1.70600000e+03 1.82500000e+03 1.90500000e+03 1.90500000e+03 1.85100000e+03
 1.87200000e+03 1.73500000e+03 1.83000000e+03 1.82300000e+03 1.82700000e+03 1.82900000e+03 3.38300000e+03 1.70100000e+03 1.91900000e+03 1.90500000e+03 1.90400000e+03 1.85600000e+03
 1.79000000e+03 1.73700000e+03 1.82700000e+03 1.84000000e+03 1.82800000e+03 1.83100000e+03 3.38300000e+03 1.70300000e+03 1.98100000e+03 1.90500000e+03 1.90400000e+03 1.94200000e+03
 1.77600000e+03 1.73900000e+03 1.82600000e+03 1.83500000e+03 1.82900000e+03 1.83000000e+03 3.38300000e+03 1.70600000e+03 1.88500000e+03 1.90600000e+03 1.90400000e+03 1.94900000e+03
 1.83400000e+03 1.73900000e+03 1.82700000e+03 1.80800000e+03 1.82700000e+03 1.82900000e+03 3.38100000e+03 1.70300000e+03 1.83700000e+03 1.90500000e+03 1.90400000e+03 1.89300000e+03
 1.85900000e+03 1.74100000e+03 1.82700000e+03 1.80700000e+03 1.82600000e+03 1.83100000e+03 3.38300000e+03 1.70100000e+03 1.91000000e+03 1.90500000e+03 1.90400000e+03 1.88300000e+03
 1.81500000e+03 1.73900000e+03 1.82800000e+03 1.82600000e+03 1.82700000e+03 1.83000000e+03 3.38600000e+03 1.70300000e+03 1.94200000e+03 1.90400000e+03 1.90400000e+03 1.90600000e+03
 1.78200000e+03 1.74000000e+03 1.82900000e+03 1.83700000e+03 1.82900000e+03 1.83000000e+03 3.38300000e+03 1.70200000e+03 1.90400000e+03 1.90700000e+03 1.90400000e+03 1.93400000e+03
 1.81300000e+03 1.73900000e+03 1.83000000e+03 1.82300000e+03 1.82700000e+03 1.82900000e+03 3.38600000e+03 1.70400000e+03 1.86800000e+03 1.90700000e+03 1.90400000e+03 1.91000000e+03
 1.84100000e+03 1.73900000e+03 1.82900000e+03 1.80800000e+03 1.82600000e+03 1.83000000e+03 3.38700000e+03 1.70300000e+03 1.88900000e+03 1.90400000e+03 1.90400000e+03 1.89000000e+03
 1.82800000e+03 1.73700000e+03 1.83000000e+03 1.81800000e+03 1.82700000e+03 1.83000000e+03 3.38300000e+03 1.70500000e+03 1.92700000e+03 1.90400000e+03 1.90400000e+03 1.90400000e+03
 1.80400000e+03 1.73900000e+03 1.83300000e+03 1.83100000e+03 1.82800000e+03 1.83000000e+03 3.38300000e+03 1.69900000e+03 1.91300000e+03 1.90400000e+03 1.90400000e+03 1.91900000e+03
 1.83500000e+03 1.74000000e+03 1.83100000e+03 1.81400000e+03 1.82900000e+03 1.83000000e+03 3.38300000e+03 1.70300000e+03 1.90300000e+03 1.90500000e+03 1.90400000e+03 1.90100000e+03
 1.82400000e+03 1.73900000e+03 1.83000000e+03 1.81200000e+03 1.82800000e+03 1.82900000e+03 3.38600000e+03 1.70300000e+03 1.90900000e+03 1.92500000e+03 1.90400000e+03 1.89400000e+03
 1.80900000e+03 1.73800000e+03 1.83000000e+03 1.82500000e+03 1.82700000e+03 1.83100000e+03 3.38500000e+03 1.70300000e+03 1.90500000e+03 1.90400000e+03 1.90400000e+03 1.91500000e+03
 1.81100000e+03 1.73700000e+03 1.82700000e+03 1.82500000e+03 1.82700000e+03 1.83100000e+03 3.38200000e+03 1.70500000e+03 1.90200000e+03 1.90500000e+03 1.90400000e+03 1.92000000e+03
 1.82500000e+03 1.74200000e+03 1.83000000e+03 1.82300000e+03 1.82600000e+03 1.83100000e+03 3.38600000e+03 1.69500000e+03 1.90300000e+03 1.91400000e+03 1.90400000e+03 1.91100000e+03
 1.82500000e+03 1.73900000e+03 1.82900000e+03 1.81500000e+03 1.82900000e+03 1.82900000e+03 3.38500000e+03 1.70300000e+03 1.90400000e+03 1.90600000e+03 1.90400000e+03 1.90400000e+03
 1.81800000e+03 1.73800000e+03 1.83100000e+03 1.82000000e+03 1.82700000e+03 1.83400000e+03 3.38300000e+03 1.70300000e+03 1.90500000e+03 1.90500000e+03 1.90400000e+03 1.90700000e+03
 1.81300000e+03 1.74000000e+03 1.83100000e+03 1.82400000e+03 1.82700000e+03 1.83100000e+03 3.38700000e+03 1.70500000e+03 1.90400000e+03 1.90400000e+03 1.90400000e+03 1.91400000e+03
 1.81900000e+03 1.73900000e+03 1.83000000e+03 1.82300000e+03 1.82700000e+03 1.83100000e+03 3.38700000e+03 1.70200000e+03 1.90300000e+03 1.90600000e+03 1.90400000e+03 1.91400000e+03
 1.82100000e+03 1.73900000e+03 1.83000000e+03 1.82200000e+03 1.82900000e+03 1.82800000e+03 3.38300000e+03 1.70600000e+03 1.90200000e+03 1.90600000e+03 1.90400000e+03 1.90400000e+03
 1.81900000e+03 1.73500000e+03 1.83100000e+03 1.81700000e+03 1.82800000e+03 1.82600000e+03 3.38700000e+03 1.70100000e+03 1.90400000e+03 1.90400000e+03 1.90400000e+03 1.90500000e+03
 1.81700000e+03 1.73700000e+03 1.83100000e+03 1.81900000e+03 1.82700000e+03 1.83000000e+03 3.38700000e+03 1.70300000e+03 1.90400000e+03 1.90400000e+03 1.90400000e+03 1.90700000e+03
 1.81500000e+03 1.73900000e+03 1.82800000e+03 1.82500000e+03 1.82600000e+03 1.82900000e+03 3.38900000e+03 1.70300000e+03 1.90300000e+03 1.90500000e+03 1.90400000e+03 1.91100000e+03
 1.82000000e+03 1.74200000e+03 1.82900000e+03 1.82500000e+03 1.82900000e+03 1.82700000e+03 3.38600000e+03 1.70700000e+03 1.90300000e+03 1.90400000e+03 1.90500000e+03 1.90600000e+03
 1.81900000e+03 1.73800000e+03 1.82700000e+03 1.82100000e+03 1.82800000e+03 1.82900000e+03 3.38600000e+03 1.70500000e+03 1.90500000e+03 1.90400000e+03 1.90400000e+03 1.90400000e+03
 1.81600000e+03 1.73700000e+03 1.83000000e+03 1.81800000e+03 1.83000000e+03 1.82900000e+03 3.38600000e+03 1.70400000e+03 1.90400000e+03 1.90400000e+03 1.90400000e+03 1.90500000e+03
 1.81500000e+03 1.73900000e+03 1.83000000e+03 1.82000000e+03 1.82700000e+03 1.82900000e+03 3.38600000e+03 1.70100000e+03 1.90400000e+03 1.90400000e+03 1.90500000e+03 1.90900000e+03
 1.81400000e+03 1.73500000e+03 1.82700000e+03 1.82300000e+03 1.82600000e+03 1.83000000e+03 3.38500000e+03 1.70600000e+03 1.90400000e+03 1.90500000e+03 1.90400000e+03 1.90700000e+03
 1.81900000e+03 1.74100000e+03 1.83000000e+03 1.82100000e+03 1.82900000e+03 1.83100000e+03 3.38100000e+03 1.70300000e+03 1.90400000e+03 1.90400000e+03 1.90400000e+03 1.90500000e+03
 1.81800000e+03 1.74100000e+03 1.82900000e+03 1.81900000e+03 1.83000000e+03 1.83000000e+03 3.38700000e+03 1.70200000e+03 1.90500000e+03 1.90500000e+03 1.90400000e+03 1.90500000e+03
 1.81500000e+03 1.73800000e+03 1.82700000e+03 1.82200000e+03 1.82700000e+03 1.82900000e+03 3.38500000e+03 1.70300000e+03 1.90400000e+03 1.90500000e+03 1.90500000e+03 1.90800000e+03
 1.81800000e+03 1.73800000e+03 1.83000000e+03 1.82200000e+03 1.82900000e+03 1.82900000e+03 3.38500000e+03 1.70600000e+03 1.90300000e+03 1.90500000e+03 1.90500000e+03 1.90900000e+03
