 1.82600000e+03 1.73900000e+03 1.83100000e+03 1.82300000e+03 1.85900000e+03 1.84100000e+03 3.31300000e+03 1.65100000e+03 1.86000000e+03 1.91100000e+03 1.85200000e+03 1.87300000e+03
 1.82600000e+03 1.73900000e+03 1.83000000e+03 1.82300000e+03 1.86100000e+03 1.84300000e+03 3.31400000e+03 1.65200000e+03 1.86100000e+03 1.90500000e+03 1.85300000e+03 1.87200000e+03
 1.83100000e+03 1.73900000e+03 1.83100000e+03 1.82200000e+03 1.86200000e+03 1.84700000e+03 3.31300000e+03 1.64900000e+03 1.85900000e+03 1.90700000e+03 1.85400000e+03 1.87700000e+03
 1.83000000e+03 1.73700000e+03 1.83300000e+03 1.82500000e+03 1.85800000e+03 1.84200000e+03 3.31300000e+03 1.64900000e+03 1.86700000e+03 1.91000000e+03 1.85100000e+03 1.87400000e+03
 1.82500000e+03 1.73700000e+03 1.82900000e+03 1.82300000e+03 1.85900000e+03 1.84100000e+03 3.31500000e+03 1.65000000e+03 1.85900000e+03 1.90700000e+03 1.85200000e+03 1.87400000e+03
 1.82600000e+03 1.73900000e+03 1.83100000e+03 1.82300000e+03 1.85900000e+03 1.84600000e+03 3.31800000e+03 1.65100000e+03 1.86300000e+03 1.90700000e+03 1.85200000e+03 1.87800000e+03
 1.82900000e+03 1.73800000e+03 1.83100000e+03 1.82300000e+03 1.85900000e+03 1.84400000e+03 3.31900000e+03 1.65200000e+03 1.86200000e+03 1.90700000e+03 1.85200000e+03 1.87700000e+03
 1.82600000e+03 1.73700000e+03 1.83300000e+03 1.82300000e+03 1.85800000e+03 1.84300000e+03 3.31300000e+03 1.65100000e+03 1.86000000e+03 1.90800000e+03 1.85100000e+03 1.87300000e+03
 1.82200000e+03 1.73800000e+03 1.83000000e+03 1.82100000e+03 1.85600000e+03 1.84200000e+03 3.31700000e+03 1.64900000e+03 1.86100000e+03 1.90600000e+03 1.85100000e+03 1.87200000e+03
 1.82300000e+03 1.73700000e+03 1.83200000e+03 1.82300000e+03 1.86100000e+03 1.84300000e+03 3.31300000e+03 1.64900000e+03 1.86100000e+03 1.90800000e+03 1.85300000e+03 1.87600000e+03
 1.82600000e+03 1.73900000e+03 1.83000000e+03 1.82400000e+03 1.85800000e+03 1.84300000e+03 3.31500000e+03 1.64900000e+03 1.86200000e+03 1.90900000e+03 1.85400000e+03 1.87400000e+03
 1.82800000e+03 1.73900000e+03 1.83300000e+03 1.82100000e+03 1.85900000e+03 1.84400000e+03 3.31700000e+03 1.65000000e+03 1.86300000e+03 1.90900000e+03 1.85100000e+03 1.87400000e+03
 1.82700000e+03 1.73700000e+03 1.83100000e+03 1.82200000e+03 1.86100000e+03 1.84200000e+03 3.31400000e+03 1.65000000e+03 1.85900000e+03 1.90700000e+03 1.85300000e+03 1.87400000e+03
 1.82700000e+03 1.73700000e+03 1.83100000e+03 1.82200000e+03 1.86100000e+03 1.84200000e+03 3.31400000e+03 1.65100000e+03 1.86100000e+03 1.90600000e+03 1.85300000e+03 1.87200000e+03
 1.82700000e+03 1.73800000e+03 1.83100000e+03 1.82300000e+03 1.85800000e+03 1.84300000e+03 3.31400000e+03 1.65100000e+03 1.85900000e+03 1.90500000e+03 1.85100000e+03 1.87300000e+03
 1.82800000e+03 1.73700000e+03 1.83000000e+03 1.82200000e+03 1.85800000e+03 1.84500000e+03 3.31500000e+03 1.65100000e+03 1.85900000e+03 1.90700000e+03 1.85400000e+03 1.87400000e+03
 1.82700000e+03 1.73800000e+03 1.83400000e+03 1.82300000e+03 1.85900000e+03 1.84500000e+03 3.31700000e+03 1.65100000e+03 1.85900000e+03 1.90700000e+03 1.85000000e+03 1.87300000e+03
 1.82700000e+03 1.73700000e+03 1.83300000e+03 1.82500000e+03 1.85800000e+03 1.84300000e+03 3.31500000e+03 1.65000000e+03 1.86200000e+03 1.90900000e+03 1.85100000e+03 1.87200000e+03
 1.83000000e+03 1.73800000e+03 1.83400000e+03 1.82500000e+03 1.85900000e+03 1.84500000e+03 3.31700000e+03 1.64900000e+03 1.86100000e+03 1.90900000e+03 1.85400000e+03 1.87400000e+03
 1.82700000e+03 1.73900000e+03 1.83100000e+03 1.82300000e+03 1.86100000e+03 1.84300000e+03 3.31500000e+03 1.65100000e+03 1.86100000e+03 1.90700000e+03 1.85400000e+03 1.87400000e+03
 1.82800000e+03 1.73700000e+03 1.83100000e+03 1.82300000e+03 1.85800000e+03 1.84300000e+03 3.31500000e+03 1.65200000e+03 1.85900000e+03 1.90600000e+03 1.85300000e+03 1.87500000e+03
 1.82700000e+03 1.73700000e+03 1.83100000e+03 1.82300000e+03 1.86200000e+03 1.84900000e+03 3.31700000e+03 1.64900000e+03 1.86300000e+03 1.90900000e+03 1.85500000e+03 1.87400000e+03
 1.82900000e+03 1.74100000e+03 1.83000000e+03 1.82300000e+03 1.85800000e+03 1.84200000e+03 3.31500000e+03 1.65100000e+03 1.86100000e+03 1.90700000e+03 1.85300000e+03 1.87400000e+03
 1.82600000e+03 1.73800000e+03 1.82900000e+03 1.82400000e+03 1.86100000e+03 1.84500000e+03 3.31500000e+03 1.65100000e+03 1.86000000e+03 1.91000000e+03 1.85300000e+03 1.87300000e+03
 1.82600000e+03 1.73900000e+03 1.83300000e+03 1.82300000e+03 1.85800000e+03 1.84300000e+03 3.31300000e+03 1.65100000e+03 1.86100000e+03 1.90700000e+03 1.85100000e+03 1.87300000e+03
 1.82700000e+03 1.73700000e+03 1.83000000e+03 1.82300000e+03 1.86000000e+03 1.84500000e+03 3.31700000e+03 1.65100000e+03 1.86200000e+03 1.90900000e+03 1.85400000e+03 1.87400000e+03
 1.82900000e+03 1.73800000e+03 1.83100000e+03 1.82300000e+03 1.86000000e+03 1.84300000e+03 3.31800000e+03 1.65300000e+03 1.86200000e+03 1.90800000e+03 1.85200000e+03 1.87500000e+03
 1.82900000e+03 1.73900000e+03 1.83000000e+03 1.82400000e+03 1.85800000e+03 1.84300000e+03 3.31500000e+03 1.65300000e+03 1.86000000e+03 1.90700000e+03 1.85300000e+03 1.87400000e+03
 1.83000000e+03 1.73500000e+03 1.83400000e+03 1.82300000e+03 1.85900000e+03 1.84200000e+03 3.31700000e+03 1.65100000e+03 1.86500000e+03 1.90700000e+03 1.85100000e+03 1.87300000e+03
 1.82800000e+03 1.73900000e+03 1.83000000e+03 1.82400000e+03 1.85800000e+03 1.84100000e+03 3.31500000e+03 1.65100000e+03 1.86200000e+03 1.90700000e+03 1.85000000e+03 1.87200000e+03
 1.82600000e+03 1.73500000e+03 1.83100000e+03 1.82300000e+03 1.85800000e+03 1.84600000e+03 3.31300000e+03 1.64900000e+03 1.86300000e+03 1.90900000e+03 1.85100000e+03 1.87500000e+03
 1.82700000e+03 1.73700000e+03 1.83500000e+03 1.82500000e+03 1.85900000e+03 1.84300000e+03 3.31500000e+03 1.65000000e+03 1.86500000e+03 1.90900000e+03 1.85300000e+03 1.87400000e+03
 1.82600000e+03 1.73700000e+03 1.83100000e+03 1.82500000e+03 1.86200000e+03 1.84700000e+03 3.31700000e+03 1.65000000e+03 1.86300000e+03 1.90800000e+03 1.85500000e+03 1.87700000e+03
 1.82700000e+03 1.74100000e+03 1.83100000e+03 1.82500000e+03 1.86100000e+03 1.84300000e+03 3.31900000e+03 1.65300000e+03 1.86300000e+03 1.90900000e+03 1.85200000e+03 1.87400000e+03
 1.82700000e+03 1.74100000e+03 1.83000000e+03 1.82300000e+03 1.85700000e+03 1.84500000e+03 3.31500000e+03 1.65200000e+03 1.85900000e+03 1.90700000e+03 1.85100000e+03 1.87400000e+03
 1.82700000e+03 1.73800000e+03 1.83100000e+03 1.82300000e+03 1.86100000e+03 1.84500000e+03 3.31700000e+03 1.64900000e+03 1.86100000e+03 1.91000000e+03 1.85300000e+03 1.87400000e+03
 1.82600000e+03 1.73600000e+03 1.82900000e+03 1.82400000e+03 1.85800000e+03 1.84600000e+03 3.31500000e+03 1.65100000e+03 1.86100000e+03 1.90900000e+03 1.85100000e+03 1.87400000e+03
 1.83100000e+03 1.73700000e+03 1.83000000e+03 1.82400000e+03 1.86100000e+03 1.84600000e+03 3.31500000e+03 1.65100000e+03 1.86300000e+03 1.90700000e+03 1.85400000e+03 1.87500000e+03
 1.82700000e+03 1.74100000e+03 1.83300000e+03 1.82200000e+03 1.85800000e+03 1.84500000e+03 3.31500000e+03 1.65100000e+03 1.86200000e+03 1.90600000e+03 1.85100000e+03 1.87500000e+03
 1.82800000e+03 1.73800000e+03 1.83500000e+03 1.82200000e+03 1.85900000e+03 1.84300000e+03 3.31500000e+03 1.65100000e+03 1.86500000e+03 1.90700000e+03 1.85000000e+03 1.87300000e+03
 1.82900000e+03 1.73900000e+03 1.83100000e+03 1.82300000e+03 1.85800000e+03 1.84300000e+03 3.31900000e+03 1.65000000e+03 1.86200000e+03 1.90700000e+03 1.85300000e+03 1.87500000e+03
 1.82700000e+03 1.73700000e+03 1.83000000e+03 1.82100000e+03 1.85800000e+03 1.84200000e+03 3.31800000e+03 1.65100000e+03 1.86000000e+03 1.90700000e+03 1.85300000e+03 1.87300000e+03
 1.82600000e+03 1.73500000e+03 1.83100000e+03 1.82300000e+03 1.85900000e+03 1.84200000e+03 3.31300000e+03 1.64900000e+03 1.85900000e+03 1.90700000e+03 1.85100000e+03 1.87300000e+03
 1.82900000e+03 1.73900000e+03 1.83100000e+03 1.82500000e+03 1.86300000e+03 1.84700000e+03 3.32300000e+03 1.65100000e+03 1.86300000e+03 1.90900000e+03 1.85500000e+03 1.87400000e+03
 1.82700000e+03 1.73500000e+03 1.83000000e+03 1.82100000e+03 1.85800000e+03 1.84500000e+03 3.31500000e+03 1.65000000e+03 1.85900000e+03 1.90700000e+03 1.85200000e+03 1.87300000e+03
 1.82600000e+03 1.73800000e+03 1.82900000e+03 1.82300000e+03 1.86100000e+03 1.84100000e+03 3.31300000e+03 1.64900000e+03 1.86000000e+03 1.90600000e+03 1.85100000e+03 1.87200000e+03
 1.82600000e+03 1.73800000e+03 1.82900000e+03 1.82200000e+03 1.86000000e+03 1.84600000e+03 3.31800000e+03 1.65100000e+03 1.86100000e+03 1.90700000e+03 1.85300000e+03 1.87700000e+03
 1.82700000e+03 1.73800000e+03 1.83300000e+03 1.82300000e+03 1.85900000e+03 1.84500000e+03 3.31500000e+03 1.64900000e+03 1.86100000e+03 1.90800000e+03 1.85100000e+03 1.87400000e+03
 1.82700000e+03 1.73900000e+03 1.82900000e+03 1.82300000e+03 1.86000000e+03 1.84200000e+03 3.31100000e+03 1.65100000e+03 1.86300000e+03 1.90700000e+03 1.85100000e+03 1.87200000e+03
 1.82800000e+03 1.73700000e+03 1.83000000e+03 1.82200000e+03 1.85800000e+03 1.84300000e+03 3.31500000e+03 1.65100000e+03 1.86100000e+03 1.90500000e+03 1.85300000e+03 1.87500000e+03
 1.83100000e+03 1.73700000e+03 1.83000000e+03 1.82400000e+03 1.85800000e+03 1.84200000e+03 3.31500000e+03 1.65100000e+03 1.86000000e+03 1.90600000e+03 1.84900000e+03 1.87300000e+03
 1.82600000e+03 1.74100000e+03 1.83000000e+03 1.82300000e+03 1.85800000e+03 1.84300000e+03 3.31700000e+03 1.65400000e+03 1.86100000e+03 1.90700000e+03 1.85400000e+03 1.87200000e+03
 1.82700000e+03 1.73700000e+03 1.83100000e+03 1.82200000e+03 1.86300000e+03 1.84700000e+03 3.31700000e+03 1.65100000e+03 1.86100000e+03 1.90700000e+03 1.85100000e+03 1.87700000e+03
 1.82800000e+03 1.73900000e+03 1.83000000e+03 1.82300000e+03 1.85900000e+03 1.84300000e+03 3.31700000e+03 1.65200000e+03 1.86100000e+03 1.90700000e+03 1.85300000e+03 1.87400000e+03
 1.82900000e+03 1.73800000e+03 1.83300000e+03 1.82500000e+03 1.85900000e+03 1.84400000e+03 3.31900000e+03 1.64900000e+03 1.86100000e+03 1.90600000e+03 1.85400000e+03 1.87400000e+03
 1.82700000e+03 1.73500000e+03 1.82900000e+03 1.82200000e+03 1.86000000e+03 1.84500000e+03 3.31700000e+03 1.65000000e+03 1.85800000e+03 1.90900000e+03 1.85300000e+03 1.87400000e+03
 1.82200000e+03 1.73500000e+03 1.83400000e+03 1.82300000e+03 1.85900000e+03 1.84300000e+03 3.31500000e+03 1.65000000e+03 1.86100000e+03 1.91100000e+03 1.85100000e+03 1.87300000e+03
 1.82200000e+03 1.73800000e+03 1.82900000e+03 1.82300000e+03 1.86000000e+03 1.84600000e+03 3.31300000e+03 1.65100000e+03 1.86100000e+03 1.90800000e+03 1.85500000e+03 1.87500000e+03
 1.82700000e+03 1.73900000e+03 1.83100000e+03 1.82300000e+03 1.86100000e+03 1.84600000e+03 3.31200000e+03 1.65000000e+03 1.86300000e+03 1.90700000e+03 1.85500000e+03 1.87300000e+03
 1.82700000e+03 1.73800000e+03 1.83500000e+03 1.82300000e+03 1.85800000e+03 1.84500000e+03 3.31300000e+03 1.65100000e+03 1.86100000e+03 1.90700000e+03 1.85100000e+03 1.87300000e+03
 1.82600000e+03 1.73700000e+03 1.83100000e+03 1.82600000e+03 1.86000000e+03 1.84300000e+03 3.31300000e+03 1.64900000e+03 1.86000000e+03 1.90900000e+03 1.85100000e+03 1.87600000e+03
 1.82800000e+03 1.74000000e+03 1.83100000e+03 1.82200000e+03 1.85900000e+03 1.84300000e+03 3.31900000e+03 1.65400000e+03 1.85900000e+03 1.90700000e+03 1.85200000e+03 1.87300000e+03
 1.82500000e+03 1.73800000e+03 1.83100000e+03 1.82400000e+03 1.85900000e+03 1.84200000e+03 3.31300000e+03 1.64800000e+03 1.85900000e+03 1.90700000e+03 1.85300000e+03 1.87500000e+03
 1.82800000e+03 1.73700000e+03 1.83100000e+03 1.82300000e+03 1.85900000e+03 1.84600000e+03 3.31400000e+03 1.65100000e+03 1.86000000e+03 1.90700000e+03 1.85200000e+03 1.87600000e+03
 1.82400000e+03 1.74100000e+03 1.83000000e+03 1.82500000e+03 1.86100000e+03 1.84700000e+03 3.31500000e+03 1.65100000e+03 1.86200000e+03 1.90600000e+03 1.85100000e+03 1.87400000e+03
 1.83000000e+03 1.73800000e+03 1.83400000e+03 1.82600000e+03 1.85900000e+03 1.84500000e+03 3.31300000e+03 1.65100000e+03 1.86700000e+03 1.91000000e+03 1.85300000e+03 1.87400000e+03
 1.82600000e+03 1.73800000e+03 1.83100000e+03 1.82300000e+03 1.85900000e+03 1.84700000e+03 3.31700000e+03 1.65100000e+03 1.86100000e+03 1.90600000e+03 1.85400000e+03 1.87700000e+03
 1.82400000e+03 1.73900000e+03 1.83500000e+03 1.82400000e+03 1.85800000e+03 1.84500000e+03 3.31800000e+03 1.65300000e+03 1.85700000e+03 1.90600000e+03 1.85000000e+03 1.87700000e+03
 1.83300000e+03 1.73800000e+03 1.83100000e+03 1.82400000e+03 1.85900000e+03 1.84300000e+03 3.31200000e+03 1.65000000e+03 1.86100000e+03 1.91000000e+03 1.85100000e+03 1.87300000e+03
 0.00000000e+00 0.00000000e+00 0.00000000e+00 0.00000000e+00 0.00000000e+00 0.00000000e+00 0.00000000e+00 0.00000000e+00 0.00000000e+00 0.00000000e+00 0.00000000e+00 0.00000000e+00
 1.82700000e+03 1.73700000e+03 1.83100000e+03 1.82400000e+03 1.86200000e+03 1.84500000e+03 3.31500000e+03 1.65300000e+03 1.86300000e+03 1.90700000e+03 1.85300000e+03 1.87400000e+03
 1.82700000e+03 1.73900000e+03 1.83100000e+03 1.82300000e+03 1.85900000e+03 1.84700000e+03 3.31700000e+03 1.65300000e+03 1.86200000e+03 1.90900000e+03 1.85200000e+03 1.87400000e+03
 1.82700000e+03 1.74100000e+03 1.83400000e+03 1.82300000e+03 1.86300000e+03 1.84300000e+03 3.31900000e+03 1.65300000e+03 1.86100000e+03 1.90800000e+03 1.85300000e+03 1.87300000e+03
 1.82600000e+03 1.73700000e+03 1.83500000e+03 1.82700000e+03 1.86100000e+03 1.84500000e+03 3.31500000e+03 1.65100000e+03 1.86100000e+03 1.90900000e+03 1.85100000e+03 1.87300000e+03
 1.82700000e+03 1.73800000e+03 1.83100000e+03 1.82300000e+03 1.85900000e+03 1.84200000e+03 3.31700000e+03 1.65000000e+03 1.86300000e+03 1.90700000e+03 1.85100000e+03 1.87300000e+03
 1.82900000e+03 1.73800000e+03 1.83100000e+03 1.82400000e+03 1.85900000e+03 1.84500000e+03 3.31500000e+03 1.65100000e+03 1.86600000e+03 1.90900000e+03 1.85300000e+03 1.87400000e+03
 1.82700000e+03 1.74000000e+03 1.83100000e+03 1.82300000e+03 1.86000000e+03 1.84300000e+03 3.31700000e+03 1.65300000e+03 1.86200000e+03 1.90900000e+03 1.85200000e+03 1.87300000e+03
 1.82700000e+03 1.73900000e+03 1.83300000e+03 1.82400000e+03 1.86100000e+03 1.84300000e+03 3.31500000e+03 1.65400000e+03 1.86300000e+03 1.91100000e+03 1.85100000e+03 1.87300000e+03
 1.82900000e+03 1.73900000e+03 1.83100000e+03 1.82400000e+03 1.86100000e+03 1.84400000e+03 3.31500000e+03 1.65300000e+03 1.86300000e+03 1.90700000e+03 1.85100000e+03 1.87300000e+03
 1.82900000e+03 1.73900000e+03 1.83000000e+03 1.82300000e+03 1.86100000e+03 1.84700000e+03 3.31900000e+03 1.65300000e+03 1.86300000e+03 1.90700000e+03 1.85500000e+03 1.87800000e+03
 1.82700000e+03 1.73800000e+03 1.83000000e+03 1.82200000e+03 1.86200000e+03 1.84300000e+03 3.31500000e+03 1.65100000e+03 1.86100000e+03 1.90800000e+03 1.85100000e+03 1.87300000e+03
 1.82600000e+03 1.73800000e+03 1.83300000e+03 1.82300000e+03 1.86300000e+03 1.84700000e+03 3.31500000e+03 1.64900000e+03 1.86100000e+03 1.90700000e+03 1.85500000e+03 1.87700000e+03
 1.83000000e+03 1.73800000e+03 1.83100000e+03 1.82300000e+03 1.85900000e+03 1.84700000e+03 3.31900000e+03 1.65100000e+03 1.86100000e+03 1.90900000e+03 1.85400000e+03 1.87700000e+03
 1.82800000e+03 1.73800000e+03 1.83300000e+03 1.82300000e+03 1.86400000e+03 1.84700000e+03 3.31500000e+03 1.65100000e+03 1.86300000e+03 1.90800000e+03 1.85600000e+03 1.87500000e+03
 1.82700000e+03 1.73800000e+03 1.83100000e+03 1.82500000e+03 1.86200000e+03 1.84500000e+03 3.31500000e+03 1.65200000e+03 1.86100000e+03 1.90900000e+03 1.85200000e+03 1.87400000e+03
 1.82900000e+03 1.73700000e+03 1.83100000e+03 1.82400000e+03 1.85900000e+03 1.84500000e+03 3.31800000e+03 1.65100000e+03 1.86200000e+03 1.90700000e+03 1.85300000e+03 1.87400000e+03
 1.83000000e+03 1.73800000e+03 1.83400000e+03 1.82500000e+03 1.85800000e+03 1.84300000e+03 3.32500000e+03 1.65100000e+03 1.86100000e+03 1.91100000e+03 1.85100000e+03 1.87400000e+03
 1.82800000e+03 1.73800000e+03 1.83300000e+03 1.82500000e+03 1.85900000e+03 1.84300000e+03 3.31900000e+03 1.65100000e+03 1.86200000e+03 1.90700000e+03 1.85200000e+03 1.87400000e+03
 1.82900000e+03 1.73800000e+03 1.83100000e+03 1.82500000e+03 1.86200000e+03 1.84500000e+03 3.31900000e+03 1.64900000e+03 1.86200000e+03 1.90600000e+03 1.85500000e+03 1.87300000e+03
 1.82900000e+03 1.73900000e+03 1.83400000e+03 1.82300000e+03 1.86000000e+03 1.84300000e+03 3.31500000e+03 1.65200000e+03 1.86300000e+03 1.90900000e+03 1.85300000e+03 1.87400000e+03
 1.82700000e+03 1.73800000e+03 1.83300000e+03 1.82900000e+03 1.86100000e+03 1.84600000e+03 3.31900000e+03 1.65000000e+03 1.86300000e+03 1.91200000e+03 1.85500000e+03 1.87300000e+03
 1.82900000e+03 1.73500000e+03 1.83600000e+03 1.82300000e+03 1.86200000e+03 1.84300000e+03 3.31500000e+03 1.65100000e+03 1.86300000e+03 1.90700000e+03 1.85200000e+03 1.87400000e+03
 1.83200000e+03 1.74200000e+03 1.83300000e+03 1.82300000e+03 1.86200000e+03 1.84500000e+03 3.31900000e+03 1.65300000e+03 1.86300000e+03 1.91000000e+03 1.85400000e+03 1.87600000e+03
 1.82700000e+03 1.74100000e+03 1.83300000e+03 1.82400000e+03 1.86000000e+03 1.84500000e+03 3.31700000e+03 1.65400000e+03 1.86300000e+03 1.90900000e+03 1.85300000e+03 1.87300000e+03
 1.82900000e+03 1.73700000e+03 1.83100000e+03 1.82500000e+03 1.86100000e+03 1.84600000e+03 3.31900000e+03 1.65400000e+03 1.86300000e+03 1.91000000e+03 1.85300000e+03 1.87400000e+03
 1.82900000e+03 1.73900000e+03 1.83100000e+03 1.82300000e+03 1.86100000e+03 1.84500000e+03 3.31700000e+03 1.65300000e+03 1.86100000e+03 1.90700000e+03 1.85300000e+03 1.87400000e+03
 1.82700000e+03 1.73900000e+03 1.83300000e+03 1.82500000e+03 1.86200000e+03 1.84300000e+03 3.31500000e+03 1.65100000e+03 1.86200000e+03 1.90700000e+03 1.85300000e+03 1.87400000e+03
 1.82700000e+03 1.73700000e+03 1.83100000e+03 1.82300000e+03 1.85900000e+03 1.84400000e+03 3.31700000e+03 1.65100000e+03 1.86100000e+03 1.90700000e+03 1.85400000e+03 1.87500000e+03
 1.82700000e+03 1.73900000e+03 1.83300000e+03 1.82400000e+03 1.86100000e+03 1.84200000e+03 3.31500000e+03 1.65100000e+03 1.86300000e+03 1.90800000e+03 1.85300000e+03 1.87300000e+03
 1.82600000e+03 1.73900000e+03 1.83100000e+03 1.82600000e+03 1.85800000e+03 1.84500000e+03 3.31900000e+03 1.65300000e+03 1.86100000e+03 1.90900000e+03 1.85200000e+03 1.87300000e+03
 1.82900000e+03 1.73900000e+03 1.83300000e+03 1.82900000e+03 1.86000000e+03 1.84500000e+03 3.31900000e+03 1.65000000e+03 1.86200000e+03 1.91100000e+03 1.85100000e+03 1.87500000e+03
 1.82900000e+03 1.73800000e+03 1.83100000e+03 1.82800000e+03 1.86100000e+03 1.84900000e+03 3.31700000e+03 1.65200000e+03 1.86200000e+03 1.91100000e+03 1.85400000e+03 1.87700000e+03
 1.82800000e+03 1.73900000e+03 1.83000000e+03 1.82300000e+03 1.85900000e+03 1.84400000e+03 3.31700000e+03 1.65000000e+03 1.86200000e+03 1.90700000e+03 1.85300000e+03 1.87400000e+03
 1.82700000e+03 1.73800000e+03 1.83100000e+03 1.82600000e+03 1.86000000e+03 1.84600000e+03 3.31800000e+03 1.65100000e+03 1.86300000e+03 1.91400000e+03 1.85100000e+03 1.87400000e+03
 1.82800000e+03 1.73700000e+03 1.83300000e+03 1.82300000e+03 1.86200000e+03 1.84500000e+03 3.31500000e+03 1.65300000e+03 1.86300000e+03 1.90600000e+03 1.85600000e+03 1.87300000e+03
 1.82900000e+03 1.73800000e+03 1.83000000e+03 1.82400000e+03 1.86200000e+03 1.84500000e+03 3.31800000e+03 1.65100000e+03 1.86500000e+03 1.90700000e+03 1.85300000e+03 1.87500000e+03
 1.82600000e+03 1.73800000e+03 1.83300000e+03 1.82400000e+03 1.86200000e+03 1.84500000e+03 3.31500000e+03 1.64900000e+03 1.86300000e+03 1.90700000e+03 1.85500000e+03 1.87400000e+03
 1.82900000e+03 1.73800000e+03 1.83100000e+03 1.82300000e+03 1.85900000e+03 1.84600000e+03 3.31500000e+03 1.65100000e+03 1.86100000e+03 1.90700000e+03 1.85500000e+03 1.87400000e+03
 1.82600000e+03 1.74100000e+03 1.83100000e+03 1.82400000e+03 1.86000000e+03 1.84400000e+03 3.31500000e+03 1.65500000e+03 1.86300000e+03 1.90800000e+03 1.85300000e+03 1.87500000e+03
 1.83000000e+03 1.73900000e+03 1.83300000e+03 1.82600000e+03 1.85900000e+03 1.84400000e+03 3.31900000e+03 1.65100000e+03 1.86700000e+03 1.91100000e+03 1.85100000e+03 1.87300000e+03
 1.82700000e+03 1.73800000e+03 1.83300000e+03 1.82400000e+03 1.86100000e+03 1.84500000e+03 3.31500000e+03 1.65100000e+03 1.86300000e+03 1.90900000e+03 1.85400000e+03 1.87400000e+03
 1.82600000e+03 1.73800000e+03 1.83300000e+03 1.82500000e+03 1.85700000e+03 1.84800000e+03 3.31900000e+03 1.65000000e+03 1.86200000e+03 1.90900000e+03 1.85100000e+03 1.87400000e+03
 1.82800000e+03 1.73800000e+03 1.83100000e+03 1.82500000e+03 1.86100000e+03 1.84400000e+03 3.31800000e+03 1.65000000e+03 1.86300000e+03 1.90800000e+03 1.85100000e+03 1.87300000e+03
 1.83100000e+03 1.73900000e+03 1.83400000e+03 1.82400000e+03 1.86300000e+03 1.84700000e+03 3.31800000e+03 1.64900000e+03 1.86600000e+03 1.91000000e+03 1.85600000e+03 1.87500000e+03
 1.82900000e+03 1.73800000e+03 1.83500000e+03 1.82600000e+03 1.86100000e+03 1.84400000e+03 3.31800000e+03 1.65200000e+03 1.86300000e+03 1.90900000e+03 1.85100000e+03 1.87400000e+03
 1.82900000e+03 1.73800000e+03 1.83400000e+03 1.82300000e+03 1.85900000e+03 1.84300000e+03 3.31900000e+03 1.65000000e+03 1.85900000e+03 1.90700000e+03 1.85100000e+03 1.87300000e+03
 1.82900000e+03 1.73900000e+03 1.83400000e+03 1.82300000e+03 1.86100000e+03 1.84700000e+03 3.31800000e+03 1.65000000e+03 1.86600000e+03 1.90800000e+03 1.85300000e+03 1.87700000e+03
 1.82900000e+03 1.73800000e+03 1.83100000e+03 1.82400000e+03 1.86100000e+03 1.84500000e+03 3.31900000e+03 1.65000000e+03 1.86200000e+03 1.90900000e+03 1.85300000e+03 1.87500000e+03
 1.82800000e+03 1.74200000e+03 1.83500000e+03 1.82200000e+03 1.86100000e+03 1.84400000e+03 3.31900000e+03 1.65700000e+03 1.86100000e+03 1.90700000e+03 1.85300000e+03 1.87700000e+03
 1.82900000e+03 1.74000000e+03 1.83100000e+03 1.82500000e+03 1.85900000e+03 1.84300000e+03 3.31900000e+03 1.65100000e+03 1.86100000e+03 1.90900000e+03 1.85300000e+03 1.87500000e+03
 1.83100000e+03 1.73800000e+03 1.83300000e+03 1.82400000e+03 1.86100000e+03 1.84600000e+03 3.31900000e+03 1.65300000e+03 1.86300000e+03 1.90700000e+03 1.85400000e+03 1.87500000e+03
 1.82900000e+03 1.73900000e+03 1.83400000e+03 1.82400000e+03 1.85900000e+03 1.84500000e+03 3.31500000e+03 1.65100000e+03 1.86100000e+03 1.90700000e+03 1.85200000e+03 1.87400000e+03
 1.82900000e+03 1.74100000e+03 1.83100000e+03 1.82500000e+03 1.85800000e+03 1.84400000e+03 3.31900000e+03 1.65100000e+03 1.86100000e+03 1.91000000e+03 1.85100000e+03 1.87300000e+03
 1.82700000e+03 1.74100000e+03 1.83100000e+03 1.82400000e+03 1.86200000e+03 1.84300000e+03 3.31800000e+03 1.65100000e+03 1.86300000e+03 1.90700000e+03 1.85300000e+03 1.87400000e+03
 1.82800000e+03 1.73900000e+03 1.83200000e+03 1.82400000e+03 1.85700000e+03 1.84300000e+03 3.31800000e+03 1.65100000e+03 1.86100000e+03 1.90900000e+03 1.85300000e+03 1.87400000e+03
 1.82900000e+03 1.74100000e+03 1.83100000e+03 1.82300000e+03 1.86100000e+03 1.84300000e+03 3.31700000e+03 1.65300000e+03 1.86500000e+03 1.90900000e+03 1.85400000e+03 1.87400000e+03
 1.82700000e+03 1.73500000e+03 1.82900000e+03 1.82100000e+03 1.86100000e+03 1.84300000e+03 3.31800000e+03 1.65100000e+03 1.85900000e+03 1.90900000e+03 1.85400000e+03 1.87600000e+03
 1.83000000e+03 1.74000000e+03 1.83300000e+03 1.82400000e+03 1.86300000e+03 1.85100000e+03 3.31500000e+03 1.65300000e+03 1.86100000e+03 1.91100000e+03 1.85500000e+03 1.87600000e+03
 1.82900000e+03 1.73800000e+03 1.83100000e+03 1.82200000e+03 1.86000000e+03 1.84600000e+03 3.31800000e+03 1.65100000e+03 1.86100000e+03 1.90900000e+03 1.85100000e+03 1.87700000e+03
 1.82700000e+03 1.73800000e+03 1.83000000e+03 1.82300000e+03 1.86000000e+03 1.84600000e+03 3.31700000e+03 1.65400000e+03 1.86000000e+03 1.90600000e+03 1.85300000e+03 1.87300000e+03
 1.82700000e+03 1.73900000e+03 1.83200000e+03 1.82300000e+03 1.86300000e+03 1.84500000e+03 3.31500000e+03 1.65200000e+03 1.86600000e+03 1.90700000e+03 1.85100000e+03 1.87500000e+03
 1.83000000e+03 1.73800000e+03 1.83200000e+03 1.82400000e+03 1.85900000e+03 1.84400000e+03 3.31800000e+03 1.65000000e+03 1.86100000e+03 1.90600000e+03 1.85300000e+03 1.87500000e+03
 1.82800000e+03 1.73800000e+03 1.83400000e+03 1.82500000e+03 1.86000000e+03 1.84400000e+03 3.31500000e+03 1.65400000e+03 1.86000000e+03 1.90700000e+03 1.85100000e+03 1.87300000e+03
 1.82700000e+03 1.73700000e+03 1.83300000e+03 1.82400000e+03 1.86100000e+03 1.84300000e+03 3.31500000e+03 1.65100000e+03 1.86100000e+03 1.90700000e+03 1.85200000e+03 1.87400000e+03
 1.82800000e+03 1.73800000e+03 1.82900000e+03 1.82300000e+03 1.85900000e+03 1.84500000e+03 3.31500000e+03 1.65000000e+03 1.86100000e+03 1.90600000e+03 1.85300000e+03 1.87300000e+03
 1.82900000e+03 1.74200000e+03 1.83100000e+03 1.82600000e+03 1.86100000e+03 1.84300000e+03 3.32200000e+03 1.65300000e+03 1.86300000e+03 1.91000000e+03 1.85100000e+03 1.87200000e+03
 1.82700000e+03 1.73700000e+03 1.83000000e+03 1.82300000e+03 1.85900000e+03 1.84300000e+03 3.31700000e+03 1.65100000e+03 1.86200000e+03 1.90700000e+03 1.85300000e+03 1.87300000e+03
 1.82700000e+03 1.73800000e+03 1.83200000e+03 1.82400000e+03 1.86000000e+03 1.84300000e+03 3.31500000e+03 1.65100000e+03 1.86200000e+03 1.90700000e+03 1.85300000e+03 1.87400000e+03
 1.82700000e+03 1.73700000e+03 1.83000000e+03 1.82300000e+03 1.85900000e+03 1.84300000e+03 3.31700000e+03 1.65200000e+03 1.86100000e+03 1.90900000e+03 1.85100000e+03 1.87400000e+03
 1.83100000e+03 1.74100000e+03 1.83100000e+03 1.82300000e+03 1.85900000e+03 1.84300000e+03 3.31700000e+03 1.65400000e+03 1.86100000e+03 1.90700000e+03 1.85300000e+03 1.87400000e+03
 1.83000000e+03 1.73800000e+03 1.83500000e+03 1.82200000e+03 1.85900000e+03 1.84500000e+03 3.31800000e+03 1.65100000e+03 1.86300000e+03 1.90600000e+03 1.85100000e+03 1.87300000e+03
 1.82500000e+03 1.73800000e+03 1.83000000e+03 1.82400000e+03 1.85900000e+03 1.84500000e+03 3.31800000e+03 1.64900000e+03 1.86200000e+03 1.90700000e+03 1.85300000e+03 1.87500000e+03
 1.82700000e+03 1.73700000e+03 1.82900000e+03 1.82300000e+03 1.86000000e+03 1.84500000e+03 3.31700000e+03 1.65100000e+03 1.86500000e+03 1.90800000e+03 1.85100000e+03 1.87400000e+03
 1.82800000e+03 1.73900000e+03 1.83300000e+03 1.82600000e+03 1.85900000e+03 1.84600000e+03 3.31900000e+03 1.65000000e+03 1.86100000e+03 1.91100000e+03 1.85400000e+03 1.87300000e+03
 1.82700000e+03 1.73800000e+03 1.83100000e+03 1.82400000e+03 1.86100000e+03 1.84600000e+03 3.31600000e+03 1.65300000e+03 1.86100000e+03 1.90700000e+03 1.85100000e+03 1.87600000e+03
 1.82900000e+03 1.74100000e+03 1.83000000e+03 1.82400000e+03 1.85900000e+03 1.84600000e+03 3.31700000e+03 1.65100000e+03 1.86300000e+03 1.90900000e+03 1.85100000e+03 1.87400000e+03
 1.83000000e+03 1.73800000e+03 1.83300000e+03 1.82200000e+03 1.86000000e+03 1.84500000e+03 3.31900000e+03 1.65100000e+03 1.86300000e+03 1.90800000e+03 1.85200000e+03 1.87700000e+03
 1.82900000e+03 1.73800000e+03 1.83100000e+03 1.82200000e+03 1.85800000e+03 1.84500000e+03 3.31800000e+03 1.65000000e+03 1.85900000e+03 1.90700000e+03 1.85000000e+03 1.87300000e+03
 1.82900000e+03 1.73900000e+03 1.83400000e+03 1.82400000e+03 1.86100000e+03 1.84500000e+03 3.31800000e+03 1.65100000e+03 1.86100000e+03 1.90700000e+03 1.85000000e+03 1.87300000e+03
 1.82800000e+03 1.74200000e+03 1.83100000e+03 1.82500000e+03 1.86000000e+03 1.84400000e+03 3.31800000e+03 1.65400000e+03 1.86100000e+03 1.90700000e+03 1.85100000e+03 1.87300000e+03
 1.82900000e+03 1.74100000e+03 1.83100000e+03 1.82400000e+03 1.85900000e+03 1.84700000e+03 3.31700000e+03 1.65300000e+03 1.86300000e+03 1.90700000e+03 1.85500000e+03 1.87400000e+03
 1.82900000e+03 1.73900000e+03 1.83100000e+03 1.82400000e+03 1.85900000e+03 1.84400000e+03 3.31800000e+03 1.65000000e+03 1.86200000e+03 1.90800000e+03 1.85200000e+03 1.87300000e+03
 1.82900000e+03 1.73800000e+03 1.83300000e+03 1.82200000e+03 1.85900000e+03 1.84300000e+03 3.31500000e+03 1.65000000e+03 1.86700000e+03 1.90800000e+03 1.85300000e+03 1.87500000e+03
 1.82600000e+03 1.73800000e+03 1.83300000e+03 1.82100000e+03 1.86100000e+03 1.84700000e+03 3.31700000e+03 1.65300000e+03 1.86100000e+03 1.90800000e+03 1.85300000e+03 1.87400000e+03
 1.82800000e+03 1.73900000e+03 1.83400000e+03 1.82500000e+03 1.85900000e+03 1.84300000e+03 3.31800000e+03 1.65100000e+03 1.86300000e+03 1.90800000e+03 1.85400000e+03 1.87400000e+03
 1.82900000e+03 1.73800000e+03 1.83300000e+03 1.82500000e+03 1.86000000e+03 1.84600000e+03 3.31700000e+03 1.65200000e+03 1.86200000e+03 1.91000000e+03 1.85400000e+03 1.87500000e+03
 1.82800000e+03 1.73900000e+03 1.83100000e+03 1.82500000e+03 1.86100000e+03 1.84300000e+03 3.31900000e+03 1.65100000e+03 1.86300000e+03 1.90900000e+03 1.85400000e+03 1.87500000e+03
 1.82600000e+03 1.74000000e+03 1.83100000e+03 1.82400000e+03 1.86100000e+03 1.84500000e+03 3.31500000e+03 1.65400000e+03 1.86300000e+03 1.90800000e+03 1.85300000e+03 1.87400000e+03
 1.83000000e+03 1.73800000e+03 1.83100000e+03 1.82300000e+03 1.86200000e+03 1.84300000e+03 3.31500000e+03 1.65100000e+03 1.86300000e+03 1.90600000e+03 1.85500000e+03 1.87500000e+03
 1.83100000e+03 1.73700000e+03 1.83000000e+03 1.82300000e+03 1.86500000e+03 1.84600000e+03 3.31500000e+03 1.65100000e+03 1.86200000e+03 1.91000000e+03 1.85600000e+03 1.87500000e+03
 1.83100000e+03 1.73900000e+03 1.83100000e+03 1.82400000e+03 1.86300000e+03 1.84700000e+03 3.31600000e+03 1.65100000e+03 1.86200000e+03 1.90700000e+03 1.85200000e+03 1.87700000e+03
 1.82900000e+03 1.73800000e+03 1.83000000e+03 1.82300000e+03 1.86100000e+03 1.85000000e+03 3.31500000e+03 1.65100000e+03 1.86100000e+03 1.90700000e+03 1.85600000e+03 1.87700000e+03
 1.82900000e+03 1.73800000e+03 1.83400000e+03 1.82700000e+03 1.86000000e+03 1.84500000e+03 3.31800000e+03 1.65100000e+03 1.86600000e+03 1.91100000e+03 1.85400000e+03 1.87700000e+03
 1.82700000e+03 1.73700000e+03 1.83000000e+03 1.82400000e+03 1.86000000e+03 1.84400000e+03 3.31800000e+03 1.65100000e+03 1.86200000e+03 1.90900000e+03 1.85300000e+03 1.87500000e+03
 1.83100000e+03 1.74300000e+03 1.83400000e+03 1.82500000e+03 1.86200000e+03 1.84300000e+03 3.32200000e+03 1.65300000e+03 1.86200000e+03 1.90900000e+03 1.85300000e+03 1.87500000e+03
 1.83100000e+03 1.73900000e+03 1.83400000e+03 1.82400000e+03 1.86100000e+03 1.84700000e+03 3.31900000e+03 1.65300000e+03 1.86300000e+03 1.90900000e+03 1.85400000e+03 1.87500000e+03
 1.82900000e+03 1.73900000e+03 1.83200000e+03 1.82400000e+03 1.85900000e+03 1.84500000e+03 3.31900000e+03 1.65000000e+03 1.86300000e+03 1.90900000e+03 1.85300000e+03 1.87600000e+03
 1.82900000e+03 1.74100000e+03 1.83300000e+03 1.82400000e+03 1.86300000e+03 1.84300000e+03 3.31700000e+03 1.65100000e+03 1.86100000e+03 1.91000000e+03 1.85500000e+03 1.87400000e+03
 1.83000000e+03 1.74000000e+03 1.83400000e+03 1.82300000e+03 1.85900000e+03 1.84400000e+03 3.31900000e+03 1.65300000e+03 1.86300000e+03 1.91000000e+03 1.85400000e+03 1.87400000e+03
 1.83100000e+03 1.73900000e+03 1.83100000e+03 1.82600000e+03 1.86100000e+03 1.84600000e+03 3.31500000e+03 1.65000000e+03 1.86100000e+03 1.90800000e+03 1.85500000e+03 1.87600000e+03
 1.82900000e+03 1.73900000e+03 1.83300000e+03 1.82400000e+03 1.85800000e+03 1.84300000e+03 3.31500000e+03 1.65100000e+03 1.86300000e+03 1.91000000e+03 1.85200000e+03 1.87500000e+03
 1.82900000e+03 1.73800000e+03 1.83300000e+03 1.82300000e+03 1.86200000e+03 1.84500000e+03 3.31800000e+03 1.65300000e+03 1.86200000e+03 1.90900000e+03 1.85300000e+03 1.87400000e+03
 1.82700000e+03 1.73800000e+03 1.83300000e+03 1.82500000e+03 1.85900000e+03 1.84500000e+03 3.31500000e+03 1.65100000e+03 1.86200000e+03 1.90900000e+03 1.85300000e+03 1.87500000e+03
 1.83000000e+03 1.74200000e+03 1.83100000e+03 1.82600000e+03 1.86100000e+03 1.84700000e+03 3.31900000e+03 1.65500000e+03 1.86200000e+03 1.90900000e+03 1.85300000e+03 1.87700000e+03
 1.82900000e+03 1.73900000e+03 1.83100000e+03 1.82500000e+03 1.85900000e+03 1.84300000e+03 3.31700000e+03 1.65000000e+03 1.86300000e+03 1.90800000e+03 1.85100000e+03 1.87300000e+03
 1.82900000e+03 1.73900000e+03 1.83100000e+03 1.82500000e+03 1.85800000e+03 1.84300000e+03 3.31800000e+03 1.65400000e+03 1.86300000e+03 1.91000000e+03 1.85100000e+03 1.87400000e+03
 1.83000000e+03 1.73900000e+03 1.83300000e+03 1.82600000e+03 1.85900000e+03 1.84300000e+03 3.31900000e+03 1.65200000e+03 1.86200000e+03 1.90900000e+03 1.85200000e+03 1.87300000e+03
 1.82900000e+03 1.73900000e+03 1.83400000e+03 1.82300000e+03 1.85900000e+03 1.84500000e+03 3.31500000e+03 1.65000000e+03 1.86200000e+03 1.90800000e+03 1.85400000e+03 1.87500000e+03
 1.82900000e+03 1.73800000e+03 1.83400000e+03 1.82400000e+03 1.85800000e+03 1.84500000e+03 3.31900000e+03 1.65000000e+03 1.86100000e+03 1.90700000e+03 1.85100000e+03 1.87400000e+03
 1.82800000e+03 1.73900000e+03 1.83500000e+03 1.82300000e+03 1.86000000e+03 1.84400000e+03 3.31300000e+03 1.65000000e+03 1.86200000e+03 1.90900000e+03 1.85100000e+03 1.87700000e+03
 1.83000000e+03 1.73700000e+03 1.83100000e+03 1.82600000e+03 1.86200000e+03 1.84500000e+03 3.31500000e+03 1.65100000e+03 1.86200000e+03 1.91000000e+03 1.85300000e+03 1.87400000e+03
 1.82900000e+03 1.73700000e+03 1.83500000e+03 1.82400000e+03 1.86100000e+03 1.84600000e+03 3.31500000e+03 1.65200000e+03 1.86300000e+03 1.90700000e+03 1.85300000e+03 1.87300000e+03
 1.83000000e+03 1.73900000e+03 1.83100000e+03 1.82300000e+03 1.86100000e+03 1.84500000e+03 3.31900000e+03 1.65100000e+03 1.86100000e+03 1.90900000e+03 1.85300000e+03 1.87400000e+03
 1.82600000e+03 1.73800000e+03 1.83100000e+03 1.82400000e+03 1.86300000e+03 1.84300000e+03 3.31500000e+03 1.65100000e+03 1.86300000e+03 1.90700000e+03 1.85300000e+03 1.87300000e+03
 1.82700000e+03 1.73800000e+03 1.83100000e+03 1.82300000e+03 1.86100000e+03 1.84300000e+03 3.31500000e+03 1.65100000e+03 1.86300000e+03 1.90600000e+03 1.85000000e+03 1.87400000e+03
 1.82900000e+03 1.73800000e+03 1.83100000e+03 1.82500000e+03 1.86100000e+03 1.84500000e+03 3.31700000e+03 1.65100000e+03 1.86500000e+03 1.91000000e+03 1.85400000e+03 1.87400000e+03
 1.82900000e+03 1.73900000e+03 1.83300000e+03 1.82400000e+03 1.86100000e+03 1.84300000e+03 3.31700000e+03 1.65100000e+03 1.86100000e+03 1.90500000e+03 1.85400000e+03 1.87500000e+03
 1.82900000e+03 1.73800000e+03 1.83600000e+03 1.82500000e+03 1.86100000e+03 1.84300000e+03 3.31500000e+03 1.65100000e+03 1.86500000e+03 1.90700000e+03 1.85300000e+03 1.87500000e+03
 1.82900000e+03 1.73900000e+03 1.83400000e+03 1.82600000e+03 1.86300000e+03 1.84300000e+03 3.31700000e+03 1.65100000e+03 1.86100000e+03 1.90900000e+03 1.85400000e+03 1.87300000e+03
 1.82600000e+03 1.73700000e+03 1.83500000e+03 1.82500000e+03 1.86000000e+03 1.84400000e+03 3.31800000e+03 1.65100000e+03 1.86600000e+03 1.90900000e+03 1.85100000e+03 1.87500000e+03
 1.82900000e+03 1.73800000e+03 1.83100000e+03 1.82500000e+03 1.86100000e+03 1.84300000e+03 3.31500000e+03 1.64900000e+03 1.86200000e+03 1.90900000e+03 1.85300000e+03 1.87300000e+03
 1.82800000e+03 1.73700000e+03 1.83300000e+03 1.82200000e+03 1.85900000e+03 1.84300000e+03 3.31700000e+03 1.65200000e+03 1.86200000e+03 1.90700000e+03 1.85300000e+03 1.87500000e+03
 1.82900000e+03 1.73900000e+03 1.83100000e+03 1.82400000e+03 1.86000000e+03 1.84500000e+03 3.31800000e+03 1.65100000e+03 1.86300000e+03 1.90900000e+03 1.85400000e+03 1.87400000e+03
 1.82900000e+03 1.73900000e+03 1.83400000e+03 1.82300000e+03 1.86000000e+03 1.84300000e+03 3.31500000e+03 1.65300000e+03 1.86000000e+03 1.90700000e+03 1.85100000e+03 1.87400000e+03
 1.82700000e+03 1.73800000e+03 1.83300000e+03 1.82400000e+03 1.85900000e+03 1.84500000e+03 3.31700000e+03 1.65000000e+03 1.86100000e+03 1.90700000e+03 1.85200000e+03 1.87400000e+03
 1.82900000e+03 1.73900000e+03 1.83300000e+03 1.82500000e+03 1.86800000e+03 1.84500000e+03 3.31500000e+03 1.65100000e+03 1.86500000e+03 1.90900000e+03 1.85300000e+03 1.87300000e+03
 1.82900000e+03 1.74100000e+03 1.83000000e+03 1.82300000e+03 1.86100000e+03 1.84500000e+03 3.31500000e+03 1.65000000e+03 1.86200000e+03 1.90900000e+03 1.85300000e+03 1.87400000e+03
 1.83000000e+03 1.74200000e+03 1.83400000e+03 1.82300000e+03 1.85900000e+03 1.84500000e+03 3.31700000e+03 1.65700000e+03 1.86200000e+03 1.90700000e+03 1.85300000e+03 1.87500000e+03
 1.83000000e+03 1.74200000e+03 1.83200000e+03 1.82300000e+03 1.86100000e+03 1.84500000e+03 3.31700000e+03 1.65100000e+03 1.86100000e+03 1.90700000e+03 1.85300000e+03 1.87300000e+03
 1.82700000e+03 1.74300000e+03 1.83400000e+03 1.82300000e+03 1.85800000e+03 1.84400000e+03 3.31900000e+03 1.65400000e+03 1.86200000e+03 1.90700000e+03 1.85200000e+03 1.87400000e+03
 1.82900000e+03 1.73900000e+03 1.83400000e+03 1.82600000e+03 1.85900000e+03 1.84300000e+03 3.31900000e+03 1.65100000e+03 1.86200000e+03 1.90900000e+03 1.85300000e+03 1.87500000e+03
 1.83000000e+03 1.73800000e+03 1.83100000e+03 1.82500000e+03 1.85900000e+03 1.84500000e+03 3.31900000e+03 1.65300000e+03 1.86300000e+03 1.90900000e+03 1.85200000e+03 1.87400000e+03
 1.82900000e+03 1.73900000e+03 1.83100000e+03 1.82300000e+03 1.86000000e+03 1.84300000e+03 3.31500000e+03 1.65100000e+03 1.86200000e+03 1.90700000e+03 1.85400000e+03 1.87400000e+03
 1.82800000e+03 1.73700000e+03 1.82900000e+03 1.82300000e+03 1.85900000e+03 1.84300000e+03 3.31500000e+03 1.65000000e+03 1.86200000e+03 1.90900000e+03 1.85100000e+03 1.87300000e+03
 1.82800000e+03 1.73800000e+03 1.83300000e+03 1.82500000e+03 1.85800000e+03 1.84400000e+03 3.31900000e+03 1.65100000e+03 1.86100000e+03 1.90800000e+03 1.85300000e+03 1.87300000e+03
 1.82700000e+03 1.74000000e+03 1.83100000e+03 1.82400000e+03 1.86200000e+03 1.84300000e+03 3.31900000e+03 1.65500000e+03 1.86700000e+03 1.90700000e+03 1.85200000e+03 1.87400000e+03
 1.83100000e+03 1.73900000e+03 1.83300000e+03 1.82300000e+03 1.86100000e+03 1.84600000e+03 3.31800000e+03 1.65300000e+03 1.86100000e+03 1.90900000e+03 1.85200000e+03 1.87700000e+03
 1.82900000e+03 1.73900000e+03 1.83300000e+03 1.82500000e+03 1.85900000e+03 1.84300000e+03 3.31700000e+03 1.65100000e+03 1.86300000e+03 1.90700000e+03 1.85100000e+03 1.87300000e+03
 1.82900000e+03 1.73800000e+03 1.83400000e+03 1.82200000e+03 1.86100000e+03 1.84500000e+03 3.31500000e+03 1.64900000e+03 1.86100000e+03 1.90700000e+03 1.85200000e+03 1.87400000e+03
 1.82800000e+03 1.73800000e+03 1.83300000e+03 1.82400000e+03 1.86600000e+03 1.84600000e+03 3.31800000e+03 1.65200000e+03 1.86300000e+03 1.90700000e+03 1.85500000e+03 1.87400000e+03
 1.82900000e+03 1.74000000e+03 1.83100000e+03 1.82300000e+03 1.85800000e+03 1.84300000e+03 3.31700000e+03 1.65100000e+03 1.86100000e+03 1.90700000e+03 1.85400000e+03 1.87400000e+03
 1.82900000e+03 1.74000000e+03 1.83100000e+03 1.82400000e+03 1.85900000e+03 1.84700000e+03 3.31800000e+03 1.65100000e+03 1.86100000e+03 1.90700000e+03 1.85400000e+03 1.87500000e+03
 1.82700000e+03 1.73800000e+03 1.83100000e+03 1.82300000e+03 1.86100000e+03 1.84600000e+03 3.31700000e+03 1.65100000e+03 1.86100000e+03 1.90800000e+03 1.85300000e+03 1.87500000e+03
 1.82600000e+03 1.73800000e+03 1.83100000e+03 1.82300000e+03 1.86100000e+03 1.84500000e+03 3.31500000e+03 1.65100000e+03 1.86100000e+03 1.90700000e+03 1.85400000e+03 1.87400000e+03
 1.82800000e+03 1.73900000e+03 1.83300000e+03 1.82500000e+03 1.86200000e+03 1.84500000e+03 3.31900000e+03 1.65100000e+03 1.86400000e+03 1.90800000e+03 1.85300000e+03 1.87400000e+03
 1.82900000e+03 1.73900000e+03 1.83300000e+03 1.82200000e+03 1.86100000e+03 1.84500000e+03 3.31900000e+03 1.64900000e+03 1.86100000e+03 1.90600000e+03 1.85100000e+03 1.87500000e+03
 1.83000000e+03 1.74300000e+03 1.83400000e+03 1.82400000e+03 1.85900000e+03 1.84700000e+03 3.31700000e+03 1.65500000e+03 1.86500000e+03 1.90900000e+03 1.85100000e+03 1.87600000e+03
 1.82700000e+03 1.73800000e+03 1.83100000e+03 1.82500000e+03 1.86100000e+03 1.84500000e+03 3.31700000e+03 1.65000000e+03 1.86200000e+03 1.90900000e+03 1.85300000e+03 1.87500000e+03
 1.82700000e+03 1.73800000e+03 1.83400000e+03 1.82400000e+03 1.86300000e+03 1.84500000e+03 3.31700000e+03 1.65000000e+03 1.86500000e+03 1.90800000e+03 1.85200000e+03 1.87600000e+03
 1.83400000e+03 1.73900000e+03 1.83300000e+03 1.82400000e+03 1.86000000e+03 1.84200000e+03 3.31900000e+03 1.65300000e+03 1.86200000e+03 1.90700000e+03 1.85100000e+03 1.87400000e+03
 1.82700000e+03 1.73800000e+03 1.83300000e+03 1.82400000e+03 1.85800000e+03 1.84300000e+03 3.31200000e+03 1.64900000e+03 1.86300000e+03 1.90700000e+03 1.85300000e+03 1.87400000e+03
 1.83100000e+03 1.74200000e+03 1.83500000e+03 1.82500000e+03 1.86100000e+03 1.84600000e+03 3.31900000e+03 1.65500000e+03 1.86500000e+03 1.90700000e+03 1.85600000e+03 1.87500000e+03
 1.82900000e+03 1.74000000e+03 1.83300000e+03 1.82500000e+03 1.85800000e+03 1.84400000e+03 3.31500000e+03 1.65000000e+03 1.86200000e+03 1.90700000e+03 1.85300000e+03 1.87400000e+03
 1.83000000e+03 1.73900000e+03 1.83100000e+03 1.82300000e+03 1.86100000e+03 1.84500000e+03 3.31700000e+03 1.65200000e+03 1.86200000e+03 1.90700000e+03 1.85100000e+03 1.87500000e+03
 1.83300000e+03 1.74300000e+03 1.83200000e+03 1.82500000e+03 1.85900000e+03 1.84400000e+03 3.31900000e+03 1.65300000e+03 1.86200000e+03 1.90700000e+03 1.85400000e+03 1.87300000e+03
 1.83400000e+03 1.74100000e+03 1.83500000e+03 1.82400000e+03 1.86300000e+03 1.84600000e+03 3.31900000e+03 1.65100000e+03 1.86300000e+03 1.90900000e+03 1.85700000e+03 1.87700000e+03
 1.82900000e+03 1.73900000e+03 1.83100000e+03 1.82400000e+03 1.85900000e+03 1.84300000e+03 3.31500000e+03 1.65000000e+03 1.86300000e+03 1.90700000e+03 1.85100000e+03 1.87500000e+03
 1.82800000e+03 1.74000000e+03 1.83100000e+03 1.82300000e+03 1.85900000e+03 1.84500000e+03 3.31500000e+03 1.65300000e+03 1.86200000e+03 1.90900000e+03 1.85100000e+03 1.87300000e+03
 1.83300000e+03 1.74100000e+03 1.83300000e+03 1.82400000e+03 1.85900000e+03 1.84400000e+03 3.32300000e+03 1.65500000e+03 1.86300000e+03 1.90900000e+03 1.85100000e+03 1.87400000e+03
 1.82700000e+03 1.73800000e+03 1.83100000e+03 1.82300000e+03 1.85900000e+03 1.84600000e+03 3.31500000e+03 1.65000000e+03 1.86300000e+03 1.90900000e+03 1.85100000e+03 1.87500000e+03
 1.82900000e+03 1.74000000e+03 1.83100000e+03 1.82100000e+03 1.86100000e+03 1.84700000e+03 3.31800000e+03 1.65100000e+03 1.86300000e+03 1.90700000e+03 1.85500000e+03 1.87400000e+03
 1.82700000e+03 1.73900000e+03 1.83100000e+03 1.82300000e+03 1.86100000e+03 1.84600000e+03 3.31800000e+03 1.65100000e+03 1.86200000e+03 1.90900000e+03 1.85400000e+03 1.87700000e+03
 1.83000000e+03 1.73900000e+03 1.83100000e+03 1.82500000e+03 1.86200000e+03 1.84500000e+03 3.31900000e+03 1.65100000e+03 1.86100000e+03 1.90700000e+03 1.85300000e+03 1.87500000e+03
 1.82900000e+03 1.73900000e+03 1.83100000e+03 1.82300000e+03 1.85900000e+03 1.84500000e+03 3.31700000e+03 1.65100000e+03 1.86200000e+03 1.90700000e+03 1.85300000e+03 1.87500000e+03
 1.82700000e+03 1.74000000e+03 1.83400000e+03 1.82300000e+03 1.86100000e+03 1.84300000e+03 3.31500000e+03 1.65100000e+03 1.86200000e+03 1.90800000e+03 1.85300000e+03 1.87300000e+03
 1.82900000e+03 1.73900000e+03 1.83100000e+03 1.82400000e+03 1.85900000e+03 1.84500000e+03 3.31500000e+03 1.65300000e+03 1.86300000e+03 1.90700000e+03 1.85200000e+03 1.87400000e+03
 1.83000000e+03 1.74100000e+03 1.83500000e+03 1.82300000e+03 1.86100000e+03 1.84500000e+03 3.31800000e+03 1.65200000e+03 1.86300000e+03 1.90700000e+03 1.85300000e+03 1.87300000e+03
 1.83000000e+03 1.73800000e+03 1.83100000e+03 1.82300000e+03 1.85700000e+03 1.84600000e+03 3.32200000e+03 1.65300000e+03 1.86300000e+03 1.90900000e+03 1.85300000e+03 1.87500000e+03
 1.82700000e+03 1.73700000e+03 1.83400000e+03 1.82200000e+03 1.85900000e+03 1.84500000e+03 3.31500000e+03 1.65200000e+03 1.86100000e+03 1.90600000e+03 1.85300000e+03 1.87300000e+03
 1.82800000e+03 1.73700000e+03 1.83300000e+03 1.82400000e+03 1.85900000e+03 1.84500000e+03 3.31500000e+03 1.64900000e+03 1.86100000e+03 1.90900000e+03 1.85300000e+03 1.87300000e+03
 1.82600000e+03 1.73900000e+03 1.83100000e+03 1.82400000e+03 1.86100000e+03 1.84300000e+03 3.31700000e+03 1.65000000e+03 1.86100000e+03 1.90700000e+03 1.85000000e+03 1.87400000e+03
 1.82700000e+03 1.74200000e+03 1.83300000e+03 1.82200000e+03 1.86100000e+03 1.84400000e+03 3.31400000e+03 1.65500000e+03 1.86200000e+03 1.90700000e+03 1.85100000e+03 1.87400000e+03
 1.83000000e+03 1.73800000e+03 1.83500000e+03 1.82600000e+03 1.85900000e+03 1.84500000e+03 3.31500000e+03 1.64900000e+03 1.86300000e+03 1.91300000e+03 1.85300000e+03 1.87400000e+03
 1.82700000e+03 1.73700000e+03 1.83100000e+03 1.82500000e+03 1.86300000e+03 1.84600000e+03 3.31300000e+03 1.65200000e+03 1.86300000e+03 1.91000000e+03 1.85500000e+03 1.87400000e+03
 1.83000000e+03 1.73500000e+03 1.83300000e+03 1.82500000e+03 1.86100000e+03 1.84700000e+03 3.31700000e+03 1.65000000e+03 1.86100000e+03 1.90800000e+03 1.85300000e+03 1.87500000e+03
 1.83000000e+03 1.73900000e+03 1.83100000e+03 1.82500000e+03 1.86300000e+03 1.84500000e+03 3.31900000e+03 1.65400000e+03 1.86100000e+03 1.90900000e+03 1.85600000e+03 1.87400000e+03
 1.82700000e+03 1.73900000e+03 1.83100000e+03 1.82500000e+03 1.85900000e+03 1.84500000e+03 3.31700000e+03 1.65200000e+03 1.86200000e+03 1.90900000e+03 1.85200000e+03 1.87300000e+03
 1.82700000e+03 1.74100000e+03 1.83100000e+03 1.82400000e+03 1.85900000e+03 1.84400000e+03 3.31500000e+03 1.65100000e+03 1.86100000e+03 1.90800000e+03 1.85300000e+03 1.87800000e+03
 1.82900000e+03 1.73900000e+03 1.83300000e+03 1.82500000e+03 1.85900000e+03 1.84300000e+03 3.31500000e+03 1.65100000e+03 1.86200000e+03 1.90800000e+03 1.85100000e+03 1.87400000e+03
 1.83000000e+03 1.73900000e+03 1.83100000e+03 1.82400000e+03 1.86000000e+03 1.84600000e+03 3.31700000e+03 1.65300000e+03 1.86200000e+03 1.90900000e+03 1.85300000e+03 1.87600000e+03
 1.82800000e+03 1.73800000e+03 1.83300000e+03 1.82400000e+03 1.86100000e+03 1.84300000e+03 3.31500000e+03 1.65100000e+03 1.86300000e+03 1.90800000e+03 1.85400000e+03 1.87300000e+03
 1.82800000e+03 1.74200000e+03 1.83300000e+03 1.82400000e+03 1.86100000e+03 1.84600000e+03 3.31900000e+03 1.65300000e+03 1.86200000e+03 1.90700000e+03 1.85300000e+03 1.87800000e+03
 1.82700000e+03 1.73800000e+03 1.83100000e+03 1.82300000e+03 1.85900000e+03 1.84500000e+03 3.31900000e+03 1.65100000e+03 1.86300000e+03 1.90700000e+03 1.85000000e+03 1.87300000e+03
 1.82900000e+03 1.73700000e+03 1.83300000e+03 1.82500000e+03 1.86200000e+03 1.84600000e+03 3.31500000e+03 1.65100000e+03 1.86300000e+03 1.90900000e+03 1.85100000e+03 1.87400000e+03
 1.82900000e+03 1.74100000e+03 1.83100000e+03 1.82300000e+03 1.86000000e+03 1.84300000e+03 3.31900000e+03 1.65400000e+03 1.86300000e+03 1.90700000e+03 1.85300000e+03 1.87500000e+03
 1.82900000e+03 1.73700000e+03 1.83100000e+03 1.82500000e+03 1.85900000e+03 1.84500000e+03 3.31900000e+03 1.64900000e+03 1.86300000e+03 1.91100000e+03 1.85300000e+03 1.87400000e+03
 1.83100000e+03 1.74200000e+03 1.83500000e+03 1.82600000e+03 1.85900000e+03 1.84500000e+03 3.31900000e+03 1.65300000e+03 1.86200000e+03 1.91100000e+03 1.85200000e+03 1.87500000e+03
 1.82800000e+03 1.73900000e+03 1.83100000e+03 1.82400000e+03 1.85800000e+03 1.84300000e+03 3.31500000e+03 1.65100000e+03 1.86100000e+03 1.90700000e+03 1.85100000e+03 1.87500000e+03
 1.82900000e+03 1.73900000e+03 1.83100000e+03 1.82300000e+03 1.85900000e+03 1.84700000e+03 3.31700000e+03 1.65100000e+03 1.86100000e+03 1.90900000e+03 1.85300000e+03 1.87600000e+03
 1.82700000e+03 1.73700000e+03 1.83000000e+03 1.82200000e+03 1.85800000e+03 1.84500000e+03 3.31500000e+03 1.64900000e+03 1.86200000e+03 1.90700000e+03 1.85300000e+03 1.87500000e+03
 1.82900000e+03 1.74100000e+03 1.83400000e+03 1.82500000e+03 1.86100000e+03 1.84500000e+03 3.31500000e+03 1.65200000e+03 1.86300000e+03 1.90900000e+03 1.85500000e+03 1.87500000e+03
 1.82700000e+03 1.73800000e+03 1.83400000e+03 1.82500000e+03 1.86100000e+03 1.84400000e+03 3.31500000e+03 1.65500000e+03 1.86100000e+03 1.91000000e+03 1.85300000e+03 1.87500000e+03
 1.82700000e+03 1.73900000e+03 1.83000000e+03 1.82300000e+03 1.86100000e+03 1.84500000e+03 3.31500000e+03 1.65200000e+03 1.86300000e+03 1.90900000e+03 1.85500000e+03 1.87500000e+03
 1.82700000e+03 1.73800000e+03 1.83200000e+03 1.82200000e+03 1.85800000e+03 1.84600000e+03 3.31500000e+03 1.65100000e+03 1.86100000e+03 1.90700000e+03 1.85000000e+03 1.87500000e+03
 1.82900000e+03 1.73800000e+03 1.83100000e+03 1.82400000e+03 1.85900000e+03 1.84700000e+03 3.31500000e+03 1.65100000e+03 1.86200000e+03 1.90800000e+03 1.85300000e+03 1.87700000e+03
 1.82700000e+03 1.73800000e+03 1.83300000e+03 1.82500000e+03 1.86200000e+03 1.84500000e+03 3.31900000e+03 1.65100000e+03 1.86000000e+03 1.91000000e+03 1.85400000e+03 1.87400000e+03
 1.82900000e+03 1.73700000e+03 1.83500000e+03 1.82800000e+03 1.85900000e+03 1.84300000e+03 3.31900000e+03 1.65000000e+03 1.86600000e+03 1.91100000e+03 1.85300000e+03 1.87300000e+03
 1.82900000e+03 1.73900000e+03 1.83100000e+03 1.82400000e+03 1.85900000e+03 1.84500000e+03 3.31500000e+03 1.65300000e+03 1.86200000e+03 1.90800000e+03 1.85100000e+03 1.87400000e+03
 1.82700000e+03 1.73900000e+03 1.83300000e+03 1.82400000e+03 1.86100000e+03 1.84300000e+03 3.31500000e+03 1.65100000e+03 1.86000000e+03 1.90600000e+03 1.85300000e+03 1.87200000e+03
 1.82900000e+03 1.74300000e+03 1.83500000e+03 1.82300000e+03 1.85900000e+03 1.84600000e+03 3.31900000e+03 1.65300000e+03 1.86300000e+03 1.90700000e+03 1.85200000e+03 1.87300000e+03
 0.00000000e+00 0.00000000e+00 0.00000000e+00 0.00000000e+00 0.00000000e+00 0.00000000e+00 0.00000000e+00 0.00000000e+00 0.00000000e+00 0.00000000e+00 0.00000000e+00 0.00000000e+00
 1.82800000e+03 1.73900000e+03 1.83400000e+03 1.82500000e+03 1.86200000e+03 1.84400000e+03 3.31400000e+03 1.65300000e+03 1.86200000e+03 1.90700000e+03 1.85300000e+03 1.87500000e+03
 1.83400000e+03 1.73700000e+03 1.83100000e+03 1.82300000e+03 1.85900000e+03 1.84600000e+03 3.31800000e+03 1.65100000e+03 1.86200000e+03 1.90700000e+03 1.85100000e+03 1.87500000e+03
 1.82800000e+03 1.73800000e+03 1.83100000e+03 1.82500000e+03 1.85800000e+03 1.84500000e+03 3.31500000e+03 1.64900000e+03 1.86200000e+03 1.90700000e+03 1.85100000e+03 1.87400000e+03
 1.82700000e+03 1.73700000e+03 1.83500000e+03 1.82300000e+03 1.86000000e+03 1.84600000e+03 3.31500000e+03 1.64900000e+03 1.86300000e+03 1.90800000e+03 1.85100000e+03 1.87500000e+03
 1.83000000e+03 1.73700000e+03 1.83400000e+03 1.82300000e+03 1.86000000e+03 1.84500000e+03 3.31700000e+03 1.65200000e+03 1.86600000e+03 1.90700000e+03 1.85300000e+03 1.87500000e+03
 1.82900000e+03 1.73700000e+03 1.83100000e+03 1.82300000e+03 1.85900000e+03 1.84500000e+03 3.31900000e+03 1.65100000e+03 1.86200000e+03 1.91000000e+03 1.85400000e+03 1.87500000e+03
 1.82900000e+03 1.73700000e+03 1.83100000e+03 1.82300000e+03 1.86200000e+03 1.84700000e+03 3.31900000e+03 1.65100000e+03 1.86100000e+03 1.90700000e+03 1.85300000e+03 1.87700000e+03
 1.82700000e+03 1.73900000e+03 1.83700000e+03 1.82700000e+03 1.86100000e+03 1.84300000e+03 3.31400000e+03 1.65400000e+03 1.86700000e+03 1.91100000e+03 1.85300000e+03 1.87400000e+03
 1.82900000e+03 1.73900000e+03 1.83300000e+03 1.82400000e+03 1.85900000e+03 1.84300000e+03 3.31700000e+03 1.65300000e+03 1.86200000e+03 1.90900000e+03 1.85200000e+03 1.87300000e+03
 1.82700000e+03 1.73900000e+03 1.83000000e+03 1.82400000e+03 1.85900000e+03 1.84400000e+03 3.31500000e+03 1.65000000e+03 1.85900000e+03 1.90600000e+03 1.85200000e+03 1.87500000e+03
 1.82700000e+03 1.73800000e+03 1.83100000e+03 1.82300000e+03 1.86500000e+03 1.84900000e+03 3.31800000e+03 1.65000000e+03 1.86200000e+03 1.90800000e+03 1.85500000e+03 1.87800000e+03
 1.82800000e+03 1.73900000e+03 1.83100000e+03 1.82700000e+03 1.86100000e+03 1.84700000e+03 3.31900000e+03 1.65100000e+03 1.86300000e+03 1.91100000e+03 1.85500000e+03 1.87500000e+03
 1.83100000e+03 1.73800000e+03 1.83400000e+03 1.82500000e+03 1.86100000e+03 1.84500000e+03 3.31500000e+03 1.65000000e+03 1.86200000e+03 1.91000000e+03 1.85400000e+03 1.87500000e+03
 1.82900000e+03 1.73900000e+03 1.83100000e+03 1.82300000e+03 1.86100000e+03 1.84600000e+03 3.31500000e+03 1.65100000e+03 1.86200000e+03 1.90700000e+03 1.85100000e+03 1.87500000e+03
 1.82800000e+03 1.73900000e+03 1.83300000e+03 1.82400000e+03 1.85900000e+03 1.84600000e+03 3.31500000e+03 1.65000000e+03 1.86200000e+03 1.90700000e+03 1.85100000e+03 1.87500000e+03
 1.82700000e+03 1.73900000e+03 1.83200000e+03 1.82300000e+03 1.85900000e+03 1.84500000e+03 3.32300000e+03 1.65300000e+03 1.86300000e+03 1.90700000e+03 1.85100000e+03 1.87500000e+03
 1.82900000e+03 1.73900000e+03 1.83300000e+03 1.82600000e+03 1.85900000e+03 1.84300000e+03 3.31500000e+03 1.65100000e+03 1.86600000e+03 1.91000000e+03 1.85200000e+03 1.87300000e+03
 1.82800000e+03 1.73900000e+03 1.83400000e+03 1.82400000e+03 1.85900000e+03 1.84600000e+03 3.31900000e+03 1.65100000e+03 1.86500000e+03 1.90800000e+03 1.85100000e+03 1.87300000e+03
 1.83000000e+03 1.73900000e+03 1.83000000e+03 1.82400000e+03 1.85800000e+03 1.84300000e+03 3.31500000e+03 1.65300000e+03 1.86300000e+03 1.90800000e+03 1.85300000e+03 1.87400000e+03
 1.82800000e+03 1.73900000e+03 1.83300000e+03 1.82600000e+03 1.86100000e+03 1.84400000e+03 3.31700000e+03 1.65200000e+03 1.86100000e+03 1.91100000e+03 1.85500000e+03 1.87400000e+03
 1.82900000e+03 1.73800000e+03 1.83100000e+03 1.82500000e+03 1.85900000e+03 1.84500000e+03 3.31500000e+03 1.65000000e+03 1.86200000e+03 1.90900000e+03 1.85100000e+03 1.87400000e+03
 1.83300000e+03 1.74200000e+03 1.83400000e+03 1.82500000e+03 1.85900000e+03 1.84200000e+03 3.32300000e+03 1.65300000e+03 1.86700000e+03 1.90900000e+03 1.85100000e+03 1.87300000e+03
 1.83100000e+03 1.73900000e+03 1.83300000e+03 1.82600000e+03 1.85900000e+03 1.84600000e+03 3.32100000e+03 1.65100000e+03 1.86600000e+03 1.90900000e+03 1.85000000e+03 1.87400000e+03
 1.82600000e+03 1.73800000e+03 1.83500000e+03 1.82500000e+03 1.85900000e+03 1.84400000e+03 3.31500000e+03 1.65100000e+03 1.86500000e+03 1.90900000e+03 1.85300000e+03 1.87500000e+03
 1.82800000e+03 1.73900000e+03 1.83200000e+03 1.82500000e+03 1.86600000e+03 1.84300000e+03 3.31500000e+03 1.65000000e+03 1.86300000e+03 1.90700000e+03 1.85500000e+03 1.87500000e+03
 1.82700000e+03 1.73800000e+03 1.83100000e+03 1.82600000e+03 1.86100000e+03 1.84600000e+03 3.31800000e+03 1.65100000e+03 1.85900000e+03 1.91300000e+03 1.85300000e+03 1.87700000e+03
 1.82900000e+03 1.73800000e+03 1.83100000e+03 1.82500000e+03 1.85900000e+03 1.84600000e+03 3.31700000e+03 1.65200000e+03 1.86200000e+03 1.91100000e+03 1.85300000e+03 1.87300000e+03
 1.82900000e+03 1.73800000e+03 1.83500000e+03 1.82500000e+03 1.86100000e+03 1.84500000e+03 3.31500000e+03 1.65100000e+03 1.86200000e+03 1.90900000e+03 1.85300000e+03 1.87300000e+03
 1.82700000e+03 1.73900000e+03 1.83500000e+03 1.82400000e+03 1.86100000e+03 1.84900000e+03 3.31900000e+03 1.64900000e+03 1.86500000e+03 1.90700000e+03 1.85400000e+03 1.87900000e+03
 1.82900000e+03 1.73900000e+03 1.83300000e+03 1.82400000e+03 1.85900000e+03 1.84600000e+03 3.31500000e+03 1.65100000e+03 1.86300000e+03 1.90900000e+03 1.85400000e+03 1.87400000e+03
 1.82700000e+03 1.73800000e+03 1.83100000e+03 1.82400000e+03 1.86100000e+03 1.84300000e+03 3.31900000e+03 1.65200000e+03 1.86200000e+03 1.90700000e+03 1.85400000e+03 1.87300000e+03
 1.82900000e+03 1.73700000e+03 1.83400000e+03 1.82400000e+03 1.85900000e+03 1.84500000e+03 3.31500000e+03 1.65100000e+03 1.86200000e+03 1.90700000e+03 1.85100000e+03 1.87400000e+03
 1.82900000e+03 1.73900000e+03 1.83300000e+03 1.82300000e+03 1.86000000e+03 1.84300000e+03 3.31800000e+03 1.65100000e+03 1.86100000e+03 1.90900000e+03 1.85100000e+03 1.87200000e+03
 1.82800000e+03 1.74000000e+03 1.83100000e+03 1.82400000e+03 1.85900000e+03 1.84300000e+03 3.31500000e+03 1.65300000e+03 1.86100000e+03 1.90600000e+03 1.85300000e+03 1.87500000e+03
 1.82800000e+03 1.73900000e+03 1.83400000e+03 1.82400000e+03 1.86100000e+03 1.84600000e+03 3.31500000e+03 1.65100000e+03 1.86300000e+03 1.90900000e+03 1.85100000e+03 1.87200000e+03
 1.82900000e+03 1.73900000e+03 1.83200000e+03 1.82500000e+03 1.85900000e+03 1.84600000e+03 3.31500000e+03 1.65100000e+03 1.86200000e+03 1.90800000e+03 1.85100000e+03 1.87500000e+03
 1.82900000e+03 1.73900000e+03 1.83100000e+03 1.82600000e+03 1.86200000e+03 1.84700000e+03 3.31900000e+03 1.65100000e+03 1.86100000e+03 1.91100000e+03 1.85400000e+03 1.87700000e+03
 1.82600000e+03 1.73800000e+03 1.83100000e+03 1.82300000e+03 1.86200000e+03 1.84500000e+03 3.31700000e+03 1.65100000e+03 1.86300000e+03 1.90700000e+03 1.85300000e+03 1.87300000e+03
 1.82700000e+03 1.73900000e+03 1.83100000e+03 1.82500000e+03 1.86300000e+03 1.84600000e+03 3.31800000e+03 1.65100000e+03 1.86200000e+03 1.91000000e+03 1.85200000e+03 1.87500000e+03
 1.82600000e+03 1.73800000e+03 1.83400000e+03 1.82300000e+03 1.85900000e+03 1.84300000e+03 3.31500000e+03 1.65100000e+03 1.86200000e+03 1.90700000e+03 1.85100000e+03 1.87300000e+03
 1.82700000e+03 1.74300000e+03 1.83100000e+03 1.82500000e+03 1.86000000e+03 1.84700000e+03 3.31400000e+03 1.65500000e+03 1.86300000e+03 1.91000000e+03 1.85200000e+03 1.87500000e+03
 1.82900000e+03 1.73700000e+03 1.83100000e+03 1.82300000e+03 1.86100000e+03 1.84600000e+03 3.31500000e+03 1.65100000e+03 1.86100000e+03 1.90700000e+03 1.85500000e+03 1.87500000e+03
 1.82700000e+03 1.73900000e+03 1.83300000e+03 1.82400000e+03 1.86000000e+03 1.84400000e+03 3.31900000e+03 1.65100000e+03 1.86500000e+03 1.90900000e+03 1.85100000e+03 1.87400000e+03
 1.82900000e+03 1.73900000e+03 1.83100000e+03 1.82400000e+03 1.85900000e+03 1.84700000e+03 3.31700000e+03 1.65300000e+03 1.86300000e+03 1.90800000e+03 1.85500000e+03 1.87700000e+03
 1.82700000e+03 1.73800000e+03 1.83400000e+03 1.82300000e+03 1.86000000e+03 1.84700000e+03 3.31700000e+03 1.65000000e+03 1.86500000e+03 1.90700000e+03 1.85300000e+03 1.87400000e+03
 1.82900000e+03 1.73800000e+03 1.83200000e+03 1.82300000e+03 1.85900000e+03 1.84300000e+03 3.31500000e+03 1.65200000e+03 1.86100000e+03 1.90800000e+03 1.85100000e+03 1.87400000e+03
 1.82700000e+03 1.73800000e+03 1.83000000e+03 1.82300000e+03 1.86000000e+03 1.84300000e+03 3.31700000e+03 1.65000000e+03 1.86200000e+03 1.90700000e+03 1.85400000e+03 1.87400000e+03
 1.83100000e+03 1.73800000e+03 1.83100000e+03 1.82200000e+03 1.85900000e+03 1.84500000e+03 3.31800000e+03 1.65100000e+03 1.86300000e+03 1.90700000e+03 1.85100000e+03 1.87400000e+03
 1.82900000e+03 1.73900000e+03 1.83000000e+03 1.82500000e+03 1.85900000e+03 1.84300000e+03 3.31900000e+03 1.65100000e+03 1.86200000e+03 1.90700000e+03 1.85200000e+03 1.87300000e+03
 1.82700000e+03 1.73800000e+03 1.83300000e+03 1.82600000e+03 1.86100000e+03 1.84700000e+03 3.31900000e+03 1.65100000e+03 1.86200000e+03 1.91100000e+03 1.85300000e+03 1.87800000e+03
 1.82800000e+03 1.73800000e+03 1.83100000e+03 1.82300000e+03 1.86100000e+03 1.84300000e+03 3.31600000e+03 1.65000000e+03 1.86300000e+03 1.91000000e+03 1.85300000e+03 1.87600000e+03
 1.82900000e+03 1.74100000e+03 1.83100000e+03 1.82500000e+03 1.85900000e+03 1.84400000e+03 3.31900000e+03 1.65400000e+03 1.86200000e+03 1.90900000e+03 1.85300000e+03 1.87400000e+03
 1.82700000e+03 1.73900000e+03 1.83100000e+03 1.82300000e+03 1.86000000e+03 1.84500000e+03 3.31500000e+03 1.65200000e+03 1.86100000e+03 1.90700000e+03 1.85200000e+03 1.87400000e+03
 1.82600000e+03 1.73800000e+03 1.83100000e+03 1.82400000e+03 1.86100000e+03 1.84300000e+03 3.31500000e+03 1.65100000e+03 1.86100000e+03 1.90500000e+03 1.85100000e+03 1.87300000e+03
 1.82700000e+03 1.73900000e+03 1.83300000e+03 1.82400000e+03 1.86100000e+03 1.84500000e+03 3.31900000e+03 1.65200000e+03 1.86200000e+03 1.90700000e+03 1.85100000e+03 1.87500000e+03
 1.82700000e+03 1.73900000e+03 1.83100000e+03 1.82500000e+03 1.85900000e+03 1.84500000e+03 3.31500000e+03 1.65000000e+03 1.86100000e+03 1.91100000e+03 1.85300000e+03 1.87500000e+03
 1.83000000e+03 1.73700000e+03 1.83400000e+03 1.82400000e+03 1.86100000e+03 1.84500000e+03 3.31700000e+03 1.65100000e+03 1.86100000e+03 1.90700000e+03 1.85300000e+03 1.87300000e+03
 1.82900000e+03 1.73800000e+03 1.83100000e+03 1.82300000e+03 1.86300000e+03 1.84700000e+03 3.31500000e+03 1.65100000e+03 1.86100000e+03 1.90600000e+03 1.85500000e+03 1.87500000e+03
 1.83100000e+03 1.74200000e+03 1.83300000e+03 1.82300000e+03 1.86100000e+03 1.84300000e+03 3.31900000e+03 1.65100000e+03 1.86200000e+03 1.90700000e+03 1.85300000e+03 1.87400000e+03
 1.82700000e+03 1.73800000e+03 1.83100000e+03 1.82500000e+03 1.85800000e+03 1.84500000e+03 3.31700000e+03 1.65100000e+03 1.86100000e+03 1.90700000e+03 1.85100000e+03 1.87400000e+03
 1.82900000e+03 1.73800000e+03 1.83100000e+03 1.82300000e+03 1.85900000e+03 1.84300000e+03 3.31700000e+03 1.65100000e+03 1.86200000e+03 1.90700000e+03 1.85100000e+03 1.87400000e+03
 1.82800000e+03 1.73800000e+03 1.83200000e+03 1.82300000e+03 1.85900000e+03 1.84300000e+03 3.31300000e+03 1.64900000e+03 1.85900000e+03 1.90800000e+03 1.85000000e+03 1.87500000e+03
 1.83000000e+03 1.73800000e+03 1.83400000e+03 1.82500000e+03 1.86000000e+03 1.84400000e+03 3.31900000e+03 1.65000000e+03 1.86000000e+03 1.90800000e+03 1.85100000e+03 1.87500000e+03
 1.83300000e+03 1.73800000e+03 1.83100000e+03 1.82400000e+03 1.86000000e+03 1.84600000e+03 3.31900000e+03 1.65100000e+03 1.86100000e+03 1.90700000e+03 1.85300000e+03 1.87500000e+03
 1.82900000e+03 1.73800000e+03 1.83100000e+03 1.82900000e+03 1.85900000e+03 1.84400000e+03 3.31700000e+03 1.64900000e+03 1.86200000e+03 1.91000000e+03 1.85200000e+03 1.87200000e+03
 1.82700000e+03 1.73500000e+03 1.83100000e+03 1.82400000e+03 1.85800000e+03 1.84500000e+03 3.31500000e+03 1.64900000e+03 1.86200000e+03 1.90600000e+03 1.85000000e+03 1.87400000e+03
 1.82900000e+03 1.73800000e+03 1.83300000e+03 1.82300000e+03 1.85700000e+03 1.84500000e+03 3.31500000e+03 1.65000000e+03 1.86100000e+03 1.90700000e+03 1.85400000e+03 1.87800000e+03
 1.82700000e+03 1.73800000e+03 1.83400000e+03 1.82600000e+03 1.85800000e+03 1.84300000e+03 3.31500000e+03 1.65300000e+03 1.86300000e+03 1.91000000e+03 1.85100000e+03 1.87200000e+03
 1.82800000e+03 1.73700000e+03 1.82900000e+03 1.82300000e+03 1.85900000e+03 1.84500000e+03 3.31700000e+03 1.65100000e+03 1.86100000e+03 1.90900000e+03 1.85500000e+03 1.87400000e+03
 1.82900000e+03 1.73500000e+03 1.83000000e+03 1.82700000e+03 1.86100000e+03 1.84300000e+03 3.31900000e+03 1.65000000e+03 1.86200000e+03 1.91100000e+03 1.85200000e+03 1.87300000e+03
 1.82700000e+03 1.73800000e+03 1.83000000e+03 1.82400000e+03 1.85800000e+03 1.84600000e+03 3.31500000e+03 1.65100000e+03 1.86200000e+03 1.90700000e+03 1.85400000e+03 1.87300000e+03
 1.82900000e+03 1.73500000e+03 1.83100000e+03 1.82400000e+03 1.85800000e+03 1.84300000e+03 3.31700000e+03 1.65000000e+03 1.86300000e+03 1.91100000e+03 1.85200000e+03 1.87400000e+03
 1.82800000e+03 1.73900000e+03 1.83700000e+03 1.82500000e+03 1.85900000e+03 1.84500000e+03 3.31500000e+03 1.65300000e+03 1.86200000e+03 1.90600000e+03 1.85300000e+03 1.87500000e+03
 1.82900000e+03 1.74100000e+03 1.83300000e+03 1.82400000e+03 1.86000000e+03 1.84500000e+03 3.31700000e+03 1.65300000e+03 1.86000000e+03 1.90700000e+03 1.85100000e+03 1.87500000e+03
 1.82700000e+03 1.73800000e+03 1.83000000e+03 1.82300000e+03 1.86300000e+03 1.84600000e+03 3.31500000e+03 1.65000000e+03 1.86300000e+03 1.90600000e+03 1.85100000e+03 1.87600000e+03
 1.83000000e+03 1.73900000e+03 1.83400000e+03 1.82400000e+03 1.86000000e+03 1.84500000e+03 3.31500000e+03 1.65100000e+03 1.86200000e+03 1.90600000e+03 1.85100000e+03 1.87400000e+03
 1.82900000e+03 1.73800000e+03 1.83100000e+03 1.82300000e+03 1.86000000e+03 1.84700000e+03 3.31700000e+03 1.65200000e+03 1.86200000e+03 1.90700000e+03 1.85100000e+03 1.87600000e+03
 1.82600000e+03 1.73700000e+03 1.83300000e+03 1.82300000e+03 1.86000000e+03 1.84300000e+03 3.31900000e+03 1.64900000e+03 1.86300000e+03 1.90800000e+03 1.85100000e+03 1.87200000e+03
 1.83000000e+03 1.73800000e+03 1.83000000e+03 1.82300000e+03 1.86300000e+03 1.84200000e+03 3.31700000e+03 1.65100000e+03 1.86200000e+03 1.90700000e+03 1.85500000e+03 1.87400000e+03
 1.82900000e+03 1.73900000e+03 1.83300000e+03 1.82200000e+03 1.86200000e+03 1.84300000e+03 3.31900000e+03 1.65100000e+03 1.86100000e+03 1.90700000e+03 1.85300000e+03 1.87200000e+03
 1.82800000e+03 1.73900000e+03 1.83100000e+03 1.82400000e+03 1.86300000e+03 1.84900000e+03 3.31500000e+03 1.65300000e+03 1.86600000e+03 1.90700000e+03 1.85500000e+03 1.87800000e+03
 1.83000000e+03 1.73900000e+03 1.83300000e+03 1.82400000e+03 1.86100000e+03 1.84400000e+03 3.31500000e+03 1.65300000e+03 1.86100000e+03 1.90900000e+03 1.85300000e+03 1.87300000e+03
 1.82700000e+03 1.73800000e+03 1.83100000e+03 1.82500000e+03 1.86000000e+03 1.84700000e+03 3.31900000e+03 1.65400000e+03 1.86700000e+03 1.90700000e+03 1.85300000e+03 1.87700000e+03
 1.83100000e+03 1.73900000e+03 1.83300000e+03 1.82300000e+03 1.85800000e+03 1.84300000e+03 3.31700000e+03 1.65000000e+03 1.86200000e+03 1.90700000e+03 1.85300000e+03 1.87400000e+03
 1.82700000e+03 1.73900000e+03 1.83300000e+03 1.82300000e+03 1.85900000e+03 1.84500000e+03 3.31900000e+03 1.65200000e+03 1.86300000e+03 1.91000000e+03 1.85300000e+03 1.87300000e+03
 1.82800000e+03 1.73800000e+03 1.83100000e+03 1.82200000e+03 1.86300000e+03 1.84500000e+03 3.31900000e+03 1.65100000e+03 1.85900000e+03 1.90700000e+03 1.85600000e+03 1.87400000e+03
 1.82900000e+03 1.74100000e+03 1.83300000e+03 1.82300000e+03 1.85900000e+03 1.84300000e+03 3.32200000e+03 1.65400000e+03 1.86100000e+03 1.90600000e+03 1.85100000e+03 1.87400000e+03
 1.82900000e+03 1.73900000e+03 1.83400000e+03 1.82600000e+03 1.85900000e+03 1.84400000e+03 3.31700000e+03 1.65000000e+03 1.86100000e+03 1.90900000e+03 1.85300000e+03 1.87400000e+03
 1.82800000e+03 1.73500000e+03 1.83300000e+03 1.82500000e+03 1.86100000e+03 1.84600000e+03 3.31500000e+03 1.65000000e+03 1.86300000e+03 1.90700000e+03 1.85300000e+03 1.87300000e+03
 1.82900000e+03 1.74000000e+03 1.83000000e+03 1.82400000e+03 1.85800000e+03 1.84400000e+03 3.31800000e+03 1.65100000e+03 1.86200000e+03 1.90900000e+03 1.85200000e+03 1.87400000e+03
 1.82700000e+03 1.73800000e+03 1.83500000e+03 1.82400000e+03 1.86100000e+03 1.84400000e+03 3.31900000e+03 1.65100000e+03 1.86300000e+03 1.90700000e+03 1.85300000e+03 1.87500000e+03
 1.83000000e+03 1.73800000e+03 1.83300000e+03 1.82300000e+03 1.85900000e+03 1.84600000e+03 3.31500000e+03 1.65000000e+03 1.86100000e+03 1.91000000e+03 1.85300000e+03 1.87500000e+03
 1.82700000e+03 1.73700000e+03 1.83100000e+03 1.82300000e+03 1.85900000e+03 1.84500000e+03 3.31900000e+03 1.65000000e+03 1.86300000e+03 1.90900000e+03 1.85300000e+03 1.87400000e+03
 1.82800000e+03 1.73800000e+03 1.83400000e+03 1.82600000e+03 1.86100000e+03 1.84400000e+03 3.31400000e+03 1.65000000e+03 1.86300000e+03 1.90700000e+03 1.85400000e+03 1.87400000e+03
 1.83000000e+03 1.73700000e+03 1.83400000e+03 1.82400000e+03 1.85900000e+03 1.84400000e+03 3.31500000e+03 1.65100000e+03 1.86200000e+03 1.90600000e+03 1.85200000e+03 1.87500000e+03
 1.82900000e+03 1.73900000e+03 1.83300000e+03 1.82600000e+03 1.85900000e+03 1.84300000e+03 3.31700000e+03 1.65100000e+03 1.86300000e+03 1.90900000e+03 1.85100000e+03 1.87500000e+03
 1.83000000e+03 1.73900000e+03 1.83300000e+03 1.82500000e+03 1.86000000e+03 1.84300000e+03 3.31700000e+03 1.65300000e+03 1.86200000e+03 1.91000000e+03 1.85200000e+03 1.87500000e+03
 1.82800000e+03 1.73800000e+03 1.83400000e+03 1.82600000e+03 1.86200000e+03 1.84600000e+03 3.31700000e+03 1.65200000e+03 1.86100000e+03 1.91400000e+03 1.85400000e+03 1.87800000e+03
 1.83000000e+03 1.73800000e+03 1.83100000e+03 1.82500000e+03 1.86000000e+03 1.84500000e+03 3.31700000e+03 1.65000000e+03 1.86200000e+03 1.90800000e+03 1.85200000e+03 1.87400000e+03
 1.83000000e+03 1.73800000e+03 1.83400000e+03 1.82500000e+03 1.86300000e+03 1.84700000e+03 3.31900000e+03 1.65000000e+03 1.86100000e+03 1.90800000e+03 1.85500000e+03 1.87400000e+03
 1.82900000e+03 1.74100000e+03 1.83400000e+03 1.82300000e+03 1.86200000e+03 1.84500000e+03 3.31900000e+03 1.65400000e+03 1.86300000e+03 1.90700000e+03 1.85600000e+03 1.87400000e+03
 1.82900000e+03 1.73900000e+03 1.83100000e+03 1.82400000e+03 1.86000000e+03 1.84500000e+03 3.31700000e+03 1.65200000e+03 1.86200000e+03 1.90900000e+03 1.85500000e+03 1.87300000e+03
 1.82900000e+03 1.73900000e+03 1.83300000e+03 1.82700000e+03 1.86200000e+03 1.84400000e+03 3.31800000e+03 1.65300000e+03 1.86300000e+03 1.91100000e+03 1.85300000e+03 1.87400000e+03
 1.82700000e+03 1.74100000e+03 1.83200000e+03 1.82500000e+03 1.86100000e+03 1.84600000e+03 3.31800000e+03 1.65300000e+03 1.86300000e+03 1.91100000e+03 1.85200000e+03 1.87400000e+03
 1.82900000e+03 1.73800000e+03 1.83100000e+03 1.82200000e+03 1.85900000e+03 1.84500000e+03 3.31700000e+03 1.65100000e+03 1.86200000e+03 1.90700000e+03 1.85100000e+03 1.87300000e+03
 1.82900000e+03 1.74000000e+03 1.83100000e+03 1.82500000e+03 1.85900000e+03 1.84300000e+03 3.31500000e+03 1.65200000e+03 1.86200000e+03 1.90800000e+03 1.85300000e+03 1.87400000e+03
 1.82900000e+03 1.73900000e+03 1.83000000e+03 1.82300000e+03 1.85900000e+03 1.84400000e+03 3.31800000e+03 1.65300000e+03 1.85900000e+03 1.90800000e+03 1.85100000e+03 1.87400000e+03
 1.82700000e+03 1.73900000e+03 1.83100000e+03 1.82300000e+03 1.85800000e+03 1.84700000e+03 3.31500000e+03 1.65100000e+03 1.86100000e+03 1.90700000e+03 1.85600000e+03 1.87900000e+03
 1.82500000e+03 1.73900000e+03 1.83100000e+03 1.82300000e+03 1.86100000e+03 1.84300000e+03 3.31500000e+03 1.65300000e+03 1.86200000e+03 1.90700000e+03 1.85300000e+03 1.87300000e+03
 1.83100000e+03 1.74100000e+03 1.83100000e+03 1.82600000e+03 1.86000000e+03 1.84500000e+03 3.32200000e+03 1.65300000e+03 1.86500000e+03 1.91000000e+03 1.85300000e+03 1.87300000e+03
 1.82700000e+03 1.73900000e+03 1.83100000e+03 1.82300000e+03 1.86100000e+03 1.84500000e+03 3.31700000e+03 1.65100000e+03 1.86100000e+03 1.90700000e+03 1.85400000e+03 1.87500000e+03
 1.82900000e+03 1.74200000e+03 1.83000000e+03 1.82400000e+03 1.86300000e+03 1.84400000e+03 3.31900000e+03 1.65100000e+03 1.86300000e+03 1.90900000e+03 1.85300000e+03 1.87600000e+03
 1.82700000e+03 1.74100000e+03 1.83100000e+03 1.82600000e+03 1.86100000e+03 1.84300000e+03 3.31700000e+03 1.65000000e+03 1.86100000e+03 1.90800000e+03 1.85300000e+03 1.87500000e+03
 1.82900000e+03 1.74300000e+03 1.83300000e+03 1.82300000e+03 1.86100000e+03 1.84400000e+03 3.31800000e+03 1.65700000e+03 1.86300000e+03 1.90600000e+03 1.85200000e+03 1.87700000e+03
 1.82700000e+03 1.73700000e+03 1.83500000e+03 1.82300000e+03 1.86100000e+03 1.84500000e+03 3.31900000e+03 1.65200000e+03 1.86500000e+03 1.90700000e+03 1.85300000e+03 1.87400000e+03
 1.82700000e+03 1.73900000e+03 1.83100000e+03 1.82300000e+03 1.85800000e+03 1.84500000e+03 3.31500000e+03 1.65000000e+03 1.85900000e+03 1.90800000e+03 1.85300000e+03 1.87500000e+03
 1.82900000e+03 1.74100000e+03 1.83400000e+03 1.82400000e+03 1.85900000e+03 1.84400000e+03 3.31700000e+03 1.65500000e+03 1.86300000e+03 1.90900000e+03 1.85100000e+03 1.87500000e+03
 1.82600000e+03 1.73800000e+03 1.83200000e+03 1.82300000e+03 1.85900000e+03 1.84500000e+03 3.31700000e+03 1.64900000e+03 1.86200000e+03 1.90700000e+03 1.85300000e+03 1.87700000e+03
 1.82700000e+03 1.73500000e+03 1.83100000e+03 1.82600000e+03 1.86100000e+03 1.84300000e+03 3.31500000e+03 1.65000000e+03 1.86500000e+03 1.90900000e+03 1.85100000e+03 1.87400000e+03
 1.82600000e+03 1.73900000e+03 1.83100000e+03 1.82500000e+03 1.86100000e+03 1.84300000e+03 3.31900000e+03 1.65300000e+03 1.86200000e+03 1.91000000e+03 1.85100000e+03 1.87400000e+03
 1.82700000e+03 1.74100000e+03 1.83300000e+03 1.82400000e+03 1.85800000e+03 1.84300000e+03 3.31500000e+03 1.65100000e+03 1.86300000e+03 1.90800000e+03 1.85300000e+03 1.87400000e+03
 1.82700000e+03 1.73800000e+03 1.83600000e+03 1.82300000e+03 1.85900000e+03 1.84400000e+03 3.31700000e+03 1.65100000e+03 1.86300000e+03 1.90900000e+03 1.85200000e+03 1.87500000e+03
 1.82800000e+03 1.73700000e+03 1.83400000e+03 1.82200000e+03 1.85900000e+03 1.84500000e+03 3.31900000e+03 1.65100000e+03 1.86100000e+03 1.90800000e+03 1.85300000e+03 1.87400000e+03
 1.83100000e+03 1.74200000e+03 1.83100000e+03 1.82300000e+03 1.85900000e+03 1.84300000e+03 3.31900000e+03 1.65300000e+03 1.86300000e+03 1.91000000e+03 1.85300000e+03 1.87400000e+03
 1.82700000e+03 1.74100000e+03 1.83500000e+03 1.82300000e+03 1.86200000e+03 1.84700000e+03 3.32100000e+03 1.65400000e+03 1.86100000e+03 1.90600000e+03 1.85500000e+03 1.87500000e+03
 1.82900000e+03 1.73800000e+03 1.83100000e+03 1.82300000e+03 1.86100000e+03 1.84700000e+03 3.31500000e+03 1.65200000e+03 1.86300000e+03 1.90700000e+03 1.85300000e+03 1.87700000e+03
 1.82900000e+03 1.73800000e+03 1.83300000e+03 1.82300000e+03 1.86200000e+03 1.84500000e+03 3.31400000e+03 1.65100000e+03 1.86100000e+03 1.90900000e+03 1.85500000e+03 1.87300000e+03
 1.82700000e+03 1.73800000e+03 1.83300000e+03 1.82300000e+03 1.85900000e+03 1.84500000e+03 3.31900000e+03 1.65300000e+03 1.86200000e+03 1.90900000e+03 1.85200000e+03 1.87600000e+03
 1.82700000e+03 1.73900000e+03 1.83100000e+03 1.82300000e+03 1.86300000e+03 1.84300000e+03 3.31600000e+03 1.65200000e+03 1.86100000e+03 1.90900000e+03 1.85400000e+03 1.87500000e+03
 1.82700000e+03 1.73800000e+03 1.83300000e+03 1.82400000e+03 1.85900000e+03 1.84300000e+03 3.31900000e+03 1.65100000e+03 1.86700000e+03 1.90900000e+03 1.85400000e+03 1.87500000e+03
 1.82700000e+03 1.73900000e+03 1.83300000e+03 1.82400000e+03 1.85900000e+03 1.84200000e+03 3.31900000e+03 1.65100000e+03 1.86300000e+03 1.90700000e+03 1.85100000e+03 1.87400000e+03
 1.82700000e+03 1.73900000e+03 1.83300000e+03 1.82300000e+03 1.86000000e+03 1.84500000e+03 3.31500000e+03 1.65300000e+03 1.86300000e+03 1.90700000e+03 1.85100000e+03 1.87500000e+03
 1.83100000e+03 1.73900000e+03 1.83300000e+03 1.82500000e+03 1.86000000e+03 1.84300000e+03 3.31500000e+03 1.65300000e+03 1.86200000e+03 1.91400000e+03 1.85200000e+03 1.87200000e+03
 1.82900000e+03 1.73900000e+03 1.83700000e+03 1.82700000e+03 1.85900000e+03 1.84500000e+03 3.31700000e+03 1.65000000e+03 1.86300000e+03 1.90900000e+03 1.85100000e+03 1.87500000e+03
 1.82900000e+03 1.73800000e+03 1.83200000e+03 1.82400000e+03 1.85800000e+03 1.84500000e+03 3.31800000e+03 1.64900000e+03 1.86100000e+03 1.90700000e+03 1.85200000e+03 1.87700000e+03
 1.83000000e+03 1.73800000e+03 1.83100000e+03 1.82200000e+03 1.85900000e+03 1.84600000e+03 3.31800000e+03 1.65100000e+03 1.86200000e+03 1.90600000e+03 1.85200000e+03 1.87700000e+03
 1.83000000e+03 1.73900000e+03 1.83200000e+03 1.82300000e+03 1.85900000e+03 1.84600000e+03 3.31900000e+03 1.65300000e+03 1.86100000e+03 1.90800000e+03 1.85500000e+03 1.87400000e+03
 1.82900000e+03 1.73700000e+03 1.83100000e+03 1.82400000e+03 1.86200000e+03 1.84600000e+03 3.31500000e+03 1.65100000e+03 1.86100000e+03 1.90700000e+03 1.85400000e+03 1.87700000e+03
 1.82900000e+03 1.73800000e+03 1.83800000e+03 1.82700000e+03 1.85900000e+03 1.84500000e+03 3.31900000e+03 1.65100000e+03 1.86200000e+03 1.91100000e+03 1.85200000e+03 1.87400000e+03
 1.82700000e+03 1.73700000e+03 1.83700000e+03 1.82600000e+03 1.86100000e+03 1.84500000e+03 3.31700000e+03 1.64900000e+03 1.86300000e+03 1.90900000e+03 1.85500000e+03 1.87500000e+03
 1.82900000e+03 1.73900000e+03 1.83400000e+03 1.82400000e+03 1.85900000e+03 1.84500000e+03 3.31700000e+03 1.65100000e+03 1.86100000e+03 1.90900000e+03 1.85500000e+03 1.87500000e+03
 1.82900000e+03 1.73900000e+03 1.83000000e+03 1.82400000e+03 1.86100000e+03 1.84300000e+03 3.31900000e+03 1.65100000e+03 1.86200000e+03 1.91000000e+03 1.85300000e+03 1.87500000e+03
 1.83000000e+03 1.73800000e+03 1.83300000e+03 1.82500000e+03 1.86100000e+03 1.84600000e+03 3.31700000e+03 1.65100000e+03 1.86500000e+03 1.90700000e+03 1.85300000e+03 1.87400000e+03
 1.82800000e+03 1.73900000e+03 1.83400000e+03 1.82700000e+03 1.86300000e+03 1.84500000e+03 3.31500000e+03 1.65000000e+03 1.86300000e+03 1.91000000e+03 1.85100000e+03 1.87400000e+03
 1.82700000e+03 1.73900000e+03 1.83100000e+03 1.82500000e+03 1.86000000e+03 1.84400000e+03 3.31900000e+03 1.65200000e+03 1.86200000e+03 1.91100000e+03 1.85100000e+03 1.87300000e+03
 1.82900000e+03 1.73900000e+03 1.83500000e+03 1.82500000e+03 1.86100000e+03 1.84400000e+03 3.31400000e+03 1.65300000e+03 1.86400000e+03 1.90800000e+03 1.85300000e+03 1.87500000e+03
 1.82900000e+03 1.73500000e+03 1.83400000e+03 1.82300000e+03 1.85800000e+03 1.84300000e+03 3.31500000e+03 1.64900000e+03 1.86100000e+03 1.90900000e+03 1.85100000e+03 1.87300000e+03
 1.82900000e+03 1.73800000e+03 1.83100000e+03 1.82300000e+03 1.86200000e+03 1.84500000e+03 3.31500000e+03 1.65100000e+03 1.86200000e+03 1.90700000e+03 1.85400000e+03 1.87600000e+03
 1.82900000e+03 1.73900000e+03 1.83500000e+03 1.82400000e+03 1.86100000e+03 1.84600000e+03 3.31500000e+03 1.65100000e+03 1.86700000e+03 1.90700000e+03 1.85200000e+03 1.87500000e+03
 1.82900000e+03 1.73900000e+03 1.83400000e+03 1.82400000e+03 1.86300000e+03 1.84500000e+03 3.31900000e+03 1.65300000e+03 1.86300000e+03 1.90900000e+03 1.85300000e+03 1.87400000e+03
 1.83300000e+03 1.74200000e+03 1.83000000e+03 1.82300000e+03 1.85900000e+03 1.84500000e+03 3.31900000e+03 1.65400000e+03 1.86200000e+03 1.90700000e+03 1.85100000e+03 1.87400000e+03
 1.82700000e+03 1.73900000e+03 1.83300000e+03 1.82300000e+03 1.86100000e+03 1.84500000e+03 3.32300000e+03 1.65200000e+03 1.86100000e+03 1.90700000e+03 1.85300000e+03 1.87500000e+03
 1.82900000e+03 1.73800000e+03 1.83700000e+03 1.82300000e+03 1.85900000e+03 1.84300000e+03 3.31700000e+03 1.65100000e+03 1.86100000e+03 1.90700000e+03 1.85500000e+03 1.87500000e+03
 1.82900000e+03 1.73800000e+03 1.83100000e+03 1.82600000e+03 1.86100000e+03 1.84500000e+03 3.31500000e+03 1.65100000e+03 1.86700000e+03 1.91400000e+03 1.85100000e+03 1.87500000e+03
 1.83000000e+03 1.74100000e+03 1.83300000e+03 1.82400000e+03 1.86100000e+03 1.84500000e+03 3.31900000e+03 1.65200000e+03 1.86200000e+03 1.90600000e+03 1.85100000e+03 1.87300000e+03
 1.82800000e+03 1.73800000e+03 1.83100000e+03 1.82300000e+03 1.86000000e+03 1.84500000e+03 3.31500000e+03 1.65000000e+03 1.86100000e+03 1.90900000e+03 1.85400000e+03 1.87400000e+03
 1.82700000e+03 1.74000000e+03 1.83100000e+03 1.82300000e+03 1.86100000e+03 1.84700000e+03 3.31700000e+03 1.65100000e+03 1.86200000e+03 1.90700000e+03 1.85400000e+03 1.87600000e+03
 1.82700000e+03 1.73900000e+03 1.83100000e+03 1.82800000e+03 1.85900000e+03 1.84700000e+03 3.31700000e+03 1.65200000e+03 1.86200000e+03 1.91300000e+03 1.85500000e+03 1.87400000e+03
 1.82700000e+03 1.73800000e+03 1.83100000e+03 1.82500000e+03 1.86100000e+03 1.84300000e+03 3.31300000e+03 1.65000000e+03 1.86100000e+03 1.90900000e+03 1.85300000e+03 1.87200000e+03
 1.82900000e+03 1.73800000e+03 1.83300000e+03 1.82400000e+03 1.86100000e+03 1.84300000e+03 3.31500000e+03 1.64900000e+03 1.86200000e+03 1.90700000e+03 1.85200000e+03 1.87300000e+03
 1.82800000e+03 1.73900000e+03 1.83300000e+03 1.82500000e+03 1.86500000e+03 1.84700000e+03 3.31700000e+03 1.65100000e+03 1.86500000e+03 1.90700000e+03 1.85600000e+03 1.87800000e+03
 1.83000000e+03 1.74100000e+03 1.83000000e+03 1.82300000e+03 1.86200000e+03 1.84600000e+03 3.31700000e+03 1.65100000e+03 1.86100000e+03 1.90700000e+03 1.85300000e+03 1.87500000e+03
 1.82700000e+03 1.73800000e+03 1.83700000e+03 1.82400000e+03 1.85900000e+03 1.84500000e+03 3.31500000e+03 1.65000000e+03 1.86800000e+03 1.90900000e+03 1.85100000e+03 1.87400000e+03
 1.82800000e+03 1.73900000e+03 1.83500000e+03 1.82300000e+03 1.85900000e+03 1.84300000e+03 3.31900000e+03 1.65000000e+03 1.86300000e+03 1.90700000e+03 1.85300000e+03 1.87300000e+03
 1.83100000e+03 1.73800000e+03 1.83300000e+03 1.82300000e+03 1.86100000e+03 1.84200000e+03 3.31700000e+03 1.65100000e+03 1.86100000e+03 1.90700000e+03 1.85200000e+03 1.87300000e+03
 1.82900000e+03 1.73900000e+03 1.83600000e+03 1.82400000e+03 1.86200000e+03 1.84500000e+03 3.31500000e+03 1.65100000e+03 1.86500000e+03 1.90900000e+03 1.85300000e+03 1.87500000e+03
 1.82700000e+03 1.73900000e+03 1.83100000e+03 1.82500000e+03 1.86200000e+03 1.84300000e+03 3.31900000e+03 1.65100000e+03 1.86400000e+03 1.90900000e+03 1.85300000e+03 1.87300000e+03
 1.82900000e+03 1.73700000e+03 1.83100000e+03 1.82200000e+03 1.85900000e+03 1.84600000e+03 3.31500000e+03 1.65100000e+03 1.86500000e+03 1.90700000e+03 1.85100000e+03 1.87300000e+03
 1.82900000e+03 1.73900000e+03 1.83300000e+03 1.82300000e+03 1.85900000e+03 1.84600000e+03 3.31800000e+03 1.65100000e+03 1.86100000e+03 1.90600000e+03 1.85000000e+03 1.87500000e+03
 1.82700000e+03 1.73900000e+03 1.83100000e+03 1.82500000e+03 1.85900000e+03 1.84300000e+03 3.31700000e+03 1.65700000e+03 1.86200000e+03 1.90900000e+03 1.85100000e+03 1.87400000e+03
 1.82700000e+03 1.73900000e+03 1.83100000e+03 1.82400000e+03 1.86100000e+03 1.84500000e+03 3.31700000e+03 1.65100000e+03 1.86100000e+03 1.90800000e+03 1.85100000e+03 1.87400000e+03
 1.82700000e+03 1.73900000e+03 1.83300000e+03 1.82500000e+03 1.86300000e+03 1.84200000e+03 3.31500000e+03 1.65200000e+03 1.86400000e+03 1.91100000e+03 1.85300000e+03 1.87300000e+03
 1.82900000e+03 1.73800000e+03 1.83100000e+03 1.82300000e+03 1.85900000e+03 1.84300000e+03 3.31800000e+03 1.65000000e+03 1.86100000e+03 1.90700000e+03 1.85200000e+03 1.87400000e+03
 1.82700000e+03 1.73800000e+03 1.83400000e+03 1.82300000e+03 1.85900000e+03 1.84400000e+03 3.31800000e+03 1.65100000e+03 1.86300000e+03 1.90600000e+03 1.85100000e+03 1.87400000e+03
 1.82800000e+03 1.73800000e+03 1.83200000e+03 1.82500000e+03 1.85800000e+03 1.84500000e+03 3.31700000e+03 1.65100000e+03 1.86200000e+03 1.90800000e+03 1.85100000e+03 1.87500000e+03
 1.82900000e+03 1.73800000e+03 1.83000000e+03 1.82300000e+03 1.86100000e+03 1.84600000e+03 3.31500000e+03 1.65100000e+03 1.86100000e+03 1.90900000e+03 1.85400000e+03 1.87500000e+03
 1.82700000e+03 1.73700000e+03 1.83000000e+03 1.82200000e+03 1.86000000e+03 1.84300000e+03 3.31500000e+03 1.65100000e+03 1.86100000e+03 1.90700000e+03 1.85300000e+03 1.87300000e+03
 1.82800000e+03 1.74000000e+03 1.83100000e+03 1.82400000e+03 1.85900000e+03 1.84200000e+03 3.31800000e+03 1.65000000e+03 1.86200000e+03 1.90700000e+03 1.85100000e+03 1.87200000e+03
 1.82800000e+03 1.73800000e+03 1.83100000e+03 1.82300000e+03 1.86100000e+03 1.84400000e+03 3.31500000e+03 1.64900000e+03 1.86200000e+03 1.90600000e+03 1.85300000e+03 1.87500000e+03
 1.83300000e+03 1.74100000e+03 1.83400000e+03 1.82300000e+03 1.86100000e+03 1.84600000e+03 3.31900000e+03 1.65400000e+03 1.86600000e+03 1.90900000e+03 1.85300000e+03 1.87400000e+03
 1.82700000e+03 1.73800000e+03 1.83300000e+03 1.82300000e+03 1.85900000e+03 1.84300000e+03 3.31700000e+03 1.65000000e+03 1.85900000e+03 1.90700000e+03 1.85000000e+03 1.87400000e+03
 1.82800000e+03 1.73800000e+03 1.83600000e+03 1.82300000e+03 1.85900000e+03 1.84500000e+03 3.31500000e+03 1.65000000e+03 1.86200000e+03 1.90700000e+03 1.85100000e+03 1.87700000e+03
 1.82900000e+03 1.73900000e+03 1.83100000e+03 1.82300000e+03 1.86000000e+03 1.84300000e+03 3.31800000e+03 1.65100000e+03 1.86200000e+03 1.90500000e+03 1.85200000e+03 1.87200000e+03
 1.82900000e+03 1.73500000e+03 1.83300000e+03 1.82300000e+03 1.86300000e+03 1.84500000e+03 3.31500000e+03 1.65100000e+03 1.86100000e+03 1.90900000e+03 1.85400000e+03 1.87300000e+03
 1.82600000e+03 1.73800000e+03 1.83300000e+03 1.82400000e+03 1.85800000e+03 1.84300000e+03 3.31300000e+03 1.64900000e+03 1.86200000e+03 1.90700000e+03 1.85000000e+03 1.87300000e+03
 1.82900000e+03 1.73800000e+03 1.83100000e+03 1.82300000e+03 1.86000000e+03 1.84400000e+03 3.31700000e+03 1.65100000e+03 1.86300000e+03 1.90700000e+03 1.85100000e+03 1.87300000e+03
 1.82600000e+03 1.74200000e+03 1.83100000e+03 1.82400000e+03 1.86100000e+03 1.84500000e+03 3.31900000e+03 1.65300000e+03 1.86100000e+03 1.90700000e+03 1.85100000e+03 1.87400000e+03
 1.82700000e+03 1.73800000e+03 1.82900000e+03 1.82300000e+03 1.85700000e+03 1.84500000e+03 3.31700000e+03 1.65100000e+03 1.86100000e+03 1.90800000e+03 1.85200000e+03 1.87500000e+03
 1.82600000e+03 1.73900000e+03 1.82900000e+03 1.82300000e+03 1.86100000e+03 1.84600000e+03 3.31500000e+03 1.65100000e+03 1.86100000e+03 1.90900000e+03 1.85400000e+03 1.87500000e+03
 1.82800000e+03 1.73800000e+03 1.83300000e+03 1.82200000e+03 1.86100000e+03 1.84200000e+03 3.31700000e+03 1.64900000e+03 1.86100000e+03 1.90700000e+03 1.85200000e+03 1.87300000e+03
 1.82600000e+03 1.73700000e+03 1.83300000e+03 1.82500000e+03 1.85900000e+03 1.84500000e+03 3.31800000e+03 1.65100000e+03 1.85900000e+03 1.90800000e+03 1.85200000e+03 1.87400000e+03
 1.82500000e+03 1.73800000e+03 1.83100000e+03 1.82500000e+03 1.85900000e+03 1.84400000e+03 3.31700000e+03 1.65200000e+03 1.86100000e+03 1.90900000e+03 1.85400000e+03 1.87300000e+03
 1.82700000e+03 1.73800000e+03 1.83400000e+03 1.82600000e+03 1.86000000e+03 1.84500000e+03 3.31700000e+03 1.65100000e+03 1.86200000e+03 1.90900000e+03 1.85300000e+03 1.87600000e+03
 1.82900000e+03 1.73900000e+03 1.83500000e+03 1.82400000e+03 1.86100000e+03 1.84300000e+03 3.31700000e+03 1.65300000e+03 1.86500000e+03 1.90700000e+03 1.85300000e+03 1.87500000e+03
 1.82800000e+03 1.73900000e+03 1.83300000e+03 1.82300000e+03 1.86200000e+03 1.84500000e+03 3.31500000e+03 1.65200000e+03 1.86100000e+03 1.90700000e+03 1.85500000e+03 1.87300000e+03
 1.82700000e+03 1.74000000e+03 1.83300000e+03 1.82300000e+03 1.85900000e+03 1.84300000e+03 3.31700000e+03 1.65300000e+03 1.86300000e+03 1.90800000e+03 1.85500000e+03 1.87500000e+03
 1.82700000e+03 1.73800000e+03 1.83400000e+03 1.82500000e+03 1.85800000e+03 1.84500000e+03 3.31800000e+03 1.65000000e+03 1.86300000e+03 1.90900000e+03 1.85300000e+03 1.87300000e+03
 1.82800000e+03 1.73800000e+03 1.83300000e+03 1.82300000e+03 1.85900000e+03 1.84600000e+03 3.31500000e+03 1.65100000e+03 1.86200000e+03 1.90700000e+03 1.85200000e+03 1.87300000e+03
 1.82900000e+03 1.73800000e+03 1.83400000e+03 1.82300000e+03 1.85800000e+03 1.84600000e+03 3.31900000e+03 1.65000000e+03 1.86200000e+03 1.90900000e+03 1.85100000e+03 1.87300000e+03
 1.82900000e+03 1.73900000e+03 1.83500000e+03 1.82300000e+03 1.86200000e+03 1.84500000e+03 3.31900000e+03 1.65300000e+03 1.86300000e+03 1.90600000e+03 1.85400000e+03 1.87400000e+03
 0.00000000e+00 0.00000000e+00 0.00000000e+00 0.00000000e+00 0.00000000e+00 0.00000000e+00 0.00000000e+00 0.00000000e+00 0.00000000e+00 0.00000000e+00 0.00000000e+00 0.00000000e+00
 1.82700000e+03 1.73900000e+03 1.83200000e+03 1.82800000e+03 1.86600000e+03 1.84800000e+03 3.31700000e+03 1.65100000e+03 1.86100000e+03 1.90700000e+03 1.85500000e+03 1.87800000e+03
 1.82700000e+03 1.73900000e+03 1.83700000e+03 1.82500000e+03 1.85900000e+03 1.84700000e+03 3.31500000e+03 1.65000000e+03 1.86300000e+03 1.90900000e+03 1.85300000e+03 1.87500000e+03
 1.82700000e+03 1.73900000e+03 1.83400000e+03 1.82500000e+03 1.85900000e+03 1.84300000e+03 3.31500000e+03 1.65100000e+03 1.86300000e+03 1.90700000e+03 1.85100000e+03 1.87300000e+03
 1.83100000e+03 1.73800000e+03 1.82900000e+03 1.82400000e+03 1.86100000e+03 1.84500000e+03 3.31900000e+03 1.65100000e+03 1.86100000e+03 1.90900000e+03 1.85100000e+03 1.87500000e+03
 1.82900000e+03 1.73900000e+03 1.83200000e+03 1.82500000e+03 1.86000000e+03 1.84500000e+03 3.31400000e+03 1.65100000e+03 1.86200000e+03 1.90900000e+03 1.85100000e+03 1.87500000e+03
 1.82900000e+03 1.73800000e+03 1.83100000e+03 1.82300000e+03 1.85900000e+03 1.84300000e+03 3.31300000e+03 1.65000000e+03 1.86200000e+03 1.90700000e+03 1.85000000e+03 1.87300000e+03
 1.82700000e+03 1.73700000e+03 1.83100000e+03 1.82200000e+03 1.86100000e+03 1.84700000e+03 3.31500000e+03 1.65100000e+03 1.86100000e+03 1.90700000e+03 1.85100000e+03 1.87700000e+03
 1.82700000e+03 1.74300000e+03 1.83100000e+03 1.82500000e+03 1.86100000e+03 1.84500000e+03 3.32300000e+03 1.65400000e+03 1.86200000e+03 1.90900000e+03 1.85300000e+03 1.87200000e+03
 1.82900000e+03 1.73900000e+03 1.83300000e+03 1.82400000e+03 1.86300000e+03 1.84600000e+03 3.31700000e+03 1.65100000e+03 1.86600000e+03 1.90900000e+03 1.85300000e+03 1.87500000e+03
 1.83000000e+03 1.73900000e+03 1.83300000e+03 1.82500000e+03 1.86100000e+03 1.84400000e+03 3.31800000e+03 1.65100000e+03 1.86100000e+03 1.90900000e+03 1.85200000e+03 1.87300000e+03
 1.82900000e+03 1.73700000e+03 1.83300000e+03 1.82400000e+03 1.86000000e+03 1.84400000e+03 3.31700000e+03 1.65100000e+03 1.86200000e+03 1.90700000e+03 1.85100000e+03 1.87500000e+03
 1.82900000e+03 1.73800000e+03 1.83000000e+03 1.82600000e+03 1.85900000e+03 1.84500000e+03 3.31800000e+03 1.65200000e+03 1.86700000e+03 1.91100000e+03 1.85300000e+03 1.87500000e+03
 1.82900000e+03 1.73900000e+03 1.83100000e+03 1.82200000e+03 1.86100000e+03 1.84500000e+03 3.31500000e+03 1.65100000e+03 1.86200000e+03 1.90900000e+03 1.85400000e+03 1.87400000e+03
 1.83000000e+03 1.74200000e+03 1.83500000e+03 1.82400000e+03 1.85900000e+03 1.84500000e+03 3.31900000e+03 1.65400000e+03 1.86300000e+03 1.90600000e+03 1.85500000e+03 1.87500000e+03
 1.82700000e+03 1.74000000e+03 1.83100000e+03 1.82300000e+03 1.86100000e+03 1.84300000e+03 3.31700000e+03 1.65300000e+03 1.86200000e+03 1.90900000e+03 1.85300000e+03 1.87400000e+03
 1.82900000e+03 1.73800000e+03 1.83700000e+03 1.82300000e+03 1.86300000e+03 1.84500000e+03 3.31500000e+03 1.65100000e+03 1.86300000e+03 1.90600000e+03 1.85100000e+03 1.87500000e+03
 1.82900000e+03 1.74000000e+03 1.83100000e+03 1.82300000e+03 1.86200000e+03 1.84600000e+03 3.31500000e+03 1.65300000e+03 1.86300000e+03 1.90800000e+03 1.85300000e+03 1.87400000e+03
 1.83100000e+03 1.74100000e+03 1.83100000e+03 1.82500000e+03 1.85900000e+03 1.84500000e+03 3.31500000e+03 1.65300000e+03 1.86200000e+03 1.91000000e+03 1.85300000e+03 1.87400000e+03
 1.82900000e+03 1.74100000e+03 1.83300000e+03 1.82500000e+03 1.86100000e+03 1.84300000e+03 3.31600000e+03 1.65000000e+03 1.86100000e+03 1.90600000e+03 1.85300000e+03 1.87700000e+03
 1.83000000e+03 1.73900000e+03 1.83600000e+03 1.82200000e+03 1.86000000e+03 1.84600000e+03 3.31900000e+03 1.65300000e+03 1.86300000e+03 1.90800000e+03 1.85200000e+03 1.87400000e+03
 1.82900000e+03 1.73900000e+03 1.83100000e+03 1.82600000e+03 1.86100000e+03 1.84400000e+03 3.31700000e+03 1.65100000e+03 1.86200000e+03 1.91000000e+03 1.85100000e+03 1.87300000e+03
 1.83000000e+03 1.74100000e+03 1.83100000e+03 1.82300000e+03 1.85900000e+03 1.84400000e+03 3.31500000e+03 1.65000000e+03 1.86100000e+03 1.90700000e+03 1.85200000e+03 1.87500000e+03
 1.82900000e+03 1.73800000e+03 1.83500000e+03 1.82400000e+03 1.86100000e+03 1.84900000e+03 3.31500000e+03 1.65000000e+03 1.86500000e+03 1.90900000e+03 1.85400000e+03 1.87700000e+03
 1.82700000e+03 1.73800000e+03 1.83400000e+03 1.82300000e+03 1.86000000e+03 1.84500000e+03 3.31700000e+03 1.65200000e+03 1.86100000e+03 1.90900000e+03 1.85300000e+03 1.87800000e+03
 1.82900000e+03 1.73800000e+03 1.83100000e+03 1.82300000e+03 1.86000000e+03 1.84500000e+03 3.31500000e+03 1.65000000e+03 1.86300000e+03 1.90700000e+03 1.85100000e+03 1.87500000e+03
 1.82700000e+03 1.73800000e+03 1.83400000e+03 1.82500000e+03 1.85900000e+03 1.84700000e+03 3.31500000e+03 1.65200000e+03 1.86300000e+03 1.90900000e+03 1.85300000e+03 1.87400000e+03
 1.82800000e+03 1.73700000e+03 1.83100000e+03 1.82300000e+03 1.86100000e+03 1.84300000e+03 3.31700000e+03 1.64900000e+03 1.86200000e+03 1.90800000e+03 1.85300000e+03 1.87400000e+03
 1.82700000e+03 1.73900000e+03 1.83300000e+03 1.82700000e+03 1.86100000e+03 1.84500000e+03 3.31900000e+03 1.65000000e+03 1.86100000e+03 1.90900000e+03 1.85200000e+03 1.87800000e+03
