 1.81700000e+03 1.73900000e+03 1.82500000e+03 1.82200000e+03 1.82800000e+03 1.83000000e+03 3.38600000e+03 1.70000000e+03 1.90300000e+03 1.90500000e+03 1.90400000e+03 1.90700000e+03
 1.81900000e+03 1.73700000e+03 1.82800000e+03 1.82100000e+03 1.82700000e+03 1.83000000e+03 3.38700000e+03 1.70300000e+03 1.90400000e+03 1.90500000e+03 1.90500000e+03 1.90600000e+03
 1.81900000e+03 1.73900000e+03 1.83000000e+03 1.82200000e+03 1.82800000e+03 1.83100000e+03 3.38600000e+03 1.70200000e+03 1.90400000e+03 1.90500000e+03 1.90500000e+03 1.91100000e+03
 1.81500000e+03 1.73900000e+03 1.82900000e+03 1.82200000e+03 1.82600000e+03 1.83000000e+03 3.38600000e+03 1.70200000e+03 1.90300000e+03 1.90500000e+03 1.90300000e+03 1.90500000e+03
 1.81800000e+03 1.73800000e+03 1.82900000e+03 1.82100000e+03 1.82900000e+03 1.83100000e+03 3.38800000e+03 1.70500000e+03 1.90400000e+03 1.90400000e+03 1.90700000e+03 1.90600000e+03
 1.81600000e+03 1.73800000e+03 1.82700000e+03 1.82300000e+03 1.82700000e+03 1.83100000e+03 3.38600000e+03 1.70300000e+03 1.90400000e+03 1.90500000e+03 1.90400000e+03 1.90900000e+03
 1.81800000e+03 1.74000000e+03 1.83000000e+03 1.81900000e+03 1.82700000e+03 1.82900000e+03 3.38300000e+03 1.70700000e+03 1.90400000e+03 1.90400000e+03 1.90400000e+03 1.90600000e+03
 1.81700000e+03 1.73900000e+03 1.82700000e+03 1.82100000e+03 1.82500000e+03 1.82900000e+03 3.38600000e+03 1.70300000e+03 1.90500000e+03 1.90700000e+03 1.90400000e+03 1.90600000e+03
 1.81900000e+03 1.73900000e+03 1.83000000e+03 1.82200000e+03 1.83000000e+03 1.83000000e+03 3.38600000e+03 1.70300000e+03 1.90400000e+03 1.90500000e+03 1.90400000e+03 1.90700000e+03
 1.81900000e+03 1.73900000e+03 1.83100000e+03 1.82200000e+03 1.82900000e+03 1.83000000e+03 3.38300000e+03 1.70300000e+03 1.90400000e+03 1.90500000e+03 1.90400000e+03 1.90800000e+03
 1.81800000e+03 1.74000000e+03 1.82700000e+03 1.82200000e+03 1.82700000e+03 1.83100000e+03 3.38900000e+03 1.70300000e+03 1.90300000e+03 1.90600000e+03 1.90400000e+03 1.56100000e+03
 1.81900000e+03 1.73900000e+03 1.83000000e+03 1.82400000e+03 1.82900000e+03 1.83000000e+03 3.38800000e+03 1.70300000e+03 1.91800000e+03 1.90400000e+03 1.90500000e+03 2.22700000e+03
 1.84500000e+03 1.73800000e+03 1.83000000e+03 1.81700000e+03 1.82700000e+03 1.82900000e+03 3.38700000e+03 1.70300000e+03 1.83600000e+03 1.90600000e+03 1.90400000e+03 1.83100000e+03
 1.84300000e+03 1.73800000e+03 1.82700000e+03 1.81400000e+03 1.82700000e+03 1.82900000e+03 3.38900000e+03 1.70200000e+03 1.94900000e+03 1.90500000e+03 1.90400000e+03 1.91700000e+03
 1.81700000e+03 1.73800000e+03 1.82600000e+03 1.82900000e+03 1.82900000e+03 1.82700000e+03 3.38700000e+03 1.70200000e+03 1.92300000e+03 1.90400000e+03 1.90400000e+03 1.91500000e+03
 1.80800000e+03 1.73800000e+03 1.83000000e+03 1.83400000e+03 1.82600000e+03 1.83100000e+03 3.38500000e+03 1.70500000e+03 1.88900000e+03 1.90400000e+03 1.90400000e+03 1.90500000e+03
 1.82700000e+03 1.73800000e+03 1.82700000e+03 1.81400000e+03 1.82700000e+03 1.83100000e+03 3.38700000e+03 1.70200000e+03 1.88100000e+03 1.90400000e+03 1.90400000e+03 1.88100000e+03
 1.82400000e+03 1.73800000e+03 1.83000000e+03 1.80800000e+03 1.83000000e+03 1.83300000e+03 3.38700000e+03 1.70300000e+03 1.92300000e+03 1.90400000e+03 1.90500000e+03 1.88200000e+03
 1.80800000e+03 1.74000000e+03 1.82700000e+03 1.82400000e+03 1.82700000e+03 1.83000000e+03 3.38300000e+03 1.70400000e+03 1.93700000e+03 1.90500000e+03 1.90400000e+03 1.93400000e+03
 1.79800000e+03 1.73900000e+03 1.82900000e+03 1.82700000e+03 1.82600000e+03 1.82900000e+03 3.38300000e+03 1.70700000e+03 1.90200000e+03 1.90400000e+03 1.90400000e+03 1.93600000e+03
 1.82300000e+03 1.73800000e+03 1.82900000e+03 1.82400000e+03 1.82900000e+03 1.82900000e+03 3.38500000e+03 1.70300000e+03 1.88500000e+03 1.90500000e+03 1.90400000e+03 1.90300000e+03
 1.83500000e+03 1.73900000e+03 1.82700000e+03 1.80800000e+03 1.82700000e+03 1.82700000e+03 3.38500000e+03 1.70500000e+03 1.90400000e+03 1.90400000e+03 1.90400000e+03 1.88400000e+03
 1.81100000e+03 1.73800000e+03 1.82700000e+03 1.81400000e+03 1.82600000e+03 1.83100000e+03 3.38600000e+03 1.70400000e+03 1.92100000e+03 1.90500000e+03 1.90400000e+03 1.90300000e+03
 1.80200000e+03 1.73800000e+03 1.82900000e+03 1.82600000e+03 1.82700000e+03 1.82800000e+03 3.38300000e+03 1.70300000e+03 1.91300000e+03 1.90500000e+03 1.90400000e+03 1.93100000e+03
 1.81000000e+03 1.73900000e+03 1.83400000e+03 1.82900000e+03 1.82600000e+03 1.82900000e+03 3.38300000e+03 1.70400000e+03 1.89700000e+03 1.90500000e+03 1.90400000e+03 1.92200000e+03
 1.83000000e+03 1.74200000e+03 1.83000000e+03 1.82000000e+03 1.82800000e+03 1.82900000e+03 3.38200000e+03 1.70300000e+03 1.89500000e+03 1.90400000e+03 1.90400000e+03 1.90000000e+03
 1.82600000e+03 1.73900000e+03 1.83100000e+03 1.81300000e+03 1.82900000e+03 1.82900000e+03 3.38300000e+03 1.70500000e+03 1.90700000e+03 1.90700000e+03 1.90400000e+03 1.90100000e+03
 1.80900000e+03 1.73900000e+03 1.83000000e+03 1.82200000e+03 1.82900000e+03 1.82900000e+03 3.38900000e+03 1.70300000e+03 1.91000000e+03 1.90500000e+03 1.90500000e+03 1.90800000e+03
 1.80800000e+03 1.73800000e+03 1.82700000e+03 1.82500000e+03 1.82400000e+03 1.83000000e+03 3.38500000e+03 1.70500000e+03 1.90400000e+03 1.90400000e+03 1.90400000e+03 1.92000000e+03
 1.82300000e+03 1.74100000e+03 1.83100000e+03 1.82400000e+03 1.82700000e+03 1.82900000e+03 3.38600000e+03 1.70200000e+03 1.90200000e+03 1.90400000e+03 1.90400000e+03 1.91100000e+03
 1.82500000e+03 1.73900000e+03 1.82700000e+03 1.81800000e+03 1.82400000e+03 1.83100000e+03 3.38700000e+03 1.70200000e+03 1.90200000e+03 1.90400000e+03 1.90400000e+03 1.90400000e+03
 1.81900000e+03 1.73700000e+03 1.82900000e+03 1.81800000e+03 1.82500000e+03 1.83000000e+03 3.38500000e+03 1.70500000e+03 1.90800000e+03 1.90400000e+03 1.90500000e+03 1.90800000e+03
 1.81200000e+03 1.73800000e+03 1.83100000e+03 1.82200000e+03 1.82900000e+03 1.83000000e+03 3.38500000e+03 1.70100000e+03 1.90600000e+03 1.90600000e+03 1.90400000e+03 1.91100000e+03
 1.81500000e+03 1.73800000e+03 1.83100000e+03 1.82300000e+03 1.82900000e+03 1.83000000e+03 3.38700000e+03 1.70600000e+03 1.90400000e+03 1.90500000e+03 1.90400000e+03 1.91300000e+03
 1.81900000e+03 1.73900000e+03 1.83100000e+03 1.82000000e+03 1.83000000e+03 1.82700000e+03 3.38700000e+03 1.70200000e+03 1.90100000e+03 1.90500000e+03 1.90500000e+03 1.90400000e+03
 1.81900000e+03 1.73900000e+03 1.82600000e+03 1.81900000e+03 1.82700000e+03 1.82900000e+03 3.38600000e+03 1.70300000e+03 1.90400000e+03 1.90400000e+03 1.90400000e+03 1.90400000e+03
 1.81400000e+03 1.73900000e+03 1.82700000e+03 1.82100000e+03 1.82700000e+03 1.82900000e+03 3.38500000e+03 1.70600000e+03 1.90400000e+03 1.90400000e+03 1.90400000e+03 1.90900000e+03
 1.81500000e+03 1.73900000e+03 1.82900000e+03 1.82300000e+03 1.82700000e+03 1.82900000e+03 3.38700000e+03 1.70200000e+03 1.90300000e+03 1.90400000e+03 1.90600000e+03 1.91000000e+03
 1.81900000e+03 1.74100000e+03 1.83100000e+03 1.82300000e+03 1.82800000e+03 1.82900000e+03 3.38300000e+03 1.70100000e+03 1.90100000e+03 1.90500000e+03 1.90500000e+03 1.90600000e+03
 1.82100000e+03 1.73700000e+03 1.83100000e+03 1.82100000e+03 1.82800000e+03 1.82700000e+03 3.38800000e+03 1.70100000e+03 1.90400000e+03 1.90600000e+03 1.90400000e+03 1.90500000e+03
 1.82100000e+03 1.73800000e+03 1.82700000e+03 1.82100000e+03 1.82700000e+03 1.82700000e+03 3.38300000e+03 1.70200000e+03 1.90400000e+03 1.90400000e+03 1.90500000e+03 1.90600000e+03
 1.81400000e+03 1.73900000e+03 1.83000000e+03 1.82300000e+03 1.82600000e+03 1.83000000e+03 3.38300000e+03 1.70600000e+03 1.90400000e+03 1.90400000e+03 1.90400000e+03 1.91000000e+03
 1.81900000e+03 1.74100000e+03 1.83300000e+03 1.82100000e+03 1.82600000e+03 1.83100000e+03 3.38700000e+03 1.70300000e+03 1.90300000e+03 1.90400000e+03 1.90400000e+03 1.91000000e+03
 1.81900000e+03 1.73700000e+03 1.82700000e+03 1.82100000e+03 1.82900000e+03 1.83000000e+03 3.38700000e+03 1.70300000e+03 1.90300000e+03 1.90400000e+03 1.90600000e+03 1.90600000e+03
 1.81800000e+03 1.73700000e+03 1.83000000e+03 1.82100000e+03 1.82900000e+03 1.82900000e+03 3.38700000e+03 1.70500000e+03 1.90400000e+03 1.90500000e+03 1.90400000e+03 1.90700000e+03
 1.81500000e+03 1.73900000e+03 1.83100000e+03 1.82300000e+03 1.82700000e+03 1.82900000e+03 3.38600000e+03 1.70300000e+03 1.90400000e+03 1.90600000e+03 1.90400000e+03 1.90800000e+03
 1.81500000e+03 1.73700000e+03 1.82700000e+03 1.82300000e+03 1.82900000e+03 1.83000000e+03 3.38500000e+03 1.70300000e+03 1.90400000e+03 1.90600000e+03 1.90500000e+03 1.90800000e+03
 1.81900000e+03 1.73900000e+03 1.83000000e+03 1.81900000e+03 1.82900000e+03 1.82900000e+03 3.38700000e+03 1.70600000e+03 1.90400000e+03 1.90400000e+03 1.90400000e+03 1.90600000e+03
 1.81700000e+03 1.73800000e+03 1.83100000e+03 1.82200000e+03 1.82700000e+03 1.83200000e+03 3.38300000e+03 1.70200000e+03 1.90400000e+03 1.90500000e+03 1.90400000e+03 1.90700000e+03
 1.81800000e+03 1.73700000e+03 1.83000000e+03 1.81900000e+03 1.82600000e+03 1.83000000e+03 3.38300000e+03 1.70200000e+03 1.90400000e+03 1.90400000e+03 1.90400000e+03 1.90700000e+03
 1.81400000e+03 1.73800000e+03 1.82800000e+03 1.81900000e+03 1.83100000e+03 1.83100000e+03 3.38500000e+03 1.70300000e+03 1.90300000e+03 1.90500000e+03 1.90500000e+03 1.90800000e+03
 1.82000000e+03 1.73700000e+03 1.82900000e+03 1.82300000e+03 1.82500000e+03 1.82900000e+03 3.38700000e+03 1.70300000e+03 1.90300000e+03 1.90700000e+03 1.90400000e+03 1.90600000e+03
 1.81700000e+03 1.73800000e+03 1.82900000e+03 1.82200000e+03 1.83100000e+03 1.82900000e+03 3.38300000e+03 1.70300000e+03 1.90400000e+03 1.90700000e+03 1.90500000e+03 1.90700000e+03
 1.81800000e+03 1.73900000e+03 1.83400000e+03 1.81900000e+03 1.82700000e+03 1.83100000e+03 3.39000000e+03 1.70300000e+03 1.90400000e+03 1.90500000e+03 1.90400000e+03 1.90600000e+03
 1.81700000e+03 1.73900000e+03 1.83100000e+03 1.82100000e+03 1.82500000e+03 1.83000000e+03 3.38700000e+03 1.70600000e+03 1.90400000e+03 1.90500000e+03 1.90400000e+03 1.90700000e+03
 1.81700000e+03 1.73800000e+03 1.83000000e+03 1.82200000e+03 1.82700000e+03 1.83100000e+03 3.38800000e+03 1.70300000e+03 1.90200000e+03 1.90500000e+03 1.90400000e+03 1.90700000e+03
 1.81800000e+03 1.73800000e+03 1.82900000e+03 1.82200000e+03 1.83000000e+03 1.83300000e+03 3.38700000e+03 1.70200000e+03 1.90400000e+03 1.90400000e+03 1.90400000e+03 1.90700000e+03
 1.81900000e+03 1.73900000e+03 1.82700000e+03 1.82200000e+03 1.82600000e+03 1.83000000e+03 3.38500000e+03 1.70500000e+03 1.90400000e+03 1.90600000e+03 1.90500000e+03 1.90700000e+03
 1.81500000e+03 1.73900000e+03 1.83000000e+03 1.82100000e+03 1.83000000e+03 1.83100000e+03 3.38600000e+03 1.70100000e+03 1.90400000e+03 1.90500000e+03 1.90400000e+03 1.90800000e+03
 1.81700000e+03 1.73900000e+03 1.82900000e+03 1.82200000e+03 1.82600000e+03 1.83100000e+03 3.38600000e+03 1.70300000e+03 1.90300000e+03 1.90500000e+03 1.90400000e+03 1.90500000e+03
 1.81700000e+03 1.73900000e+03 1.82800000e+03 1.81900000e+03 1.82900000e+03 1.82900000e+03 3.38300000e+03 1.70200000e+03 1.90400000e+03 1.90500000e+03 1.90400000e+03 1.90600000e+03
 1.81400000e+03 1.73700000e+03 1.82700000e+03 1.82200000e+03 1.82900000e+03 1.82700000e+03 3.38300000e+03 1.70600000e+03 1.90400000e+03 1.90500000e+03 1.90400000e+03 1.90600000e+03
 1.81700000e+03 1.73900000e+03 1.82700000e+03 1.82200000e+03 1.82500000e+03 1.83100000e+03 3.38500000e+03 1.70200000e+03 1.90400000e+03 1.90600000e+03 1.90400000e+03 1.90600000e+03
 1.81700000e+03 1.73900000e+03 1.82900000e+03 1.81900000e+03 1.82600000e+03 1.83000000e+03 3.38300000e+03 1.70000000e+03 1.90200000e+03 1.90600000e+03 1.90400000e+03 1.90700000e+03
 1.81500000e+03 1.74100000e+03 1.82900000e+03 1.82100000e+03 1.82700000e+03 1.83000000e+03 3.38300000e+03 1.70500000e+03 1.90400000e+03 1.90600000e+03 1.90400000e+03 1.90700000e+03
 1.81800000e+03 1.73900000e+03 1.82700000e+03 1.82300000e+03 1.82700000e+03 1.82900000e+03 3.38600000e+03 1.70300000e+03 1.90400000e+03 1.90400000e+03 1.90400000e+03 1.90600000e+03
 1.81700000e+03 1.73900000e+03 1.83000000e+03 1.82100000e+03 1.82700000e+03 1.82900000e+03 3.38700000e+03 1.70200000e+03 1.90400000e+03 1.90400000e+03 1.90400000e+03 1.90500000e+03
 1.81500000e+03 1.73900000e+03 1.83100000e+03 1.82200000e+03 1.82900000e+03 1.82900000e+03 3.38300000e+03 1.70300000e+03 1.90400000e+03 1.90400000e+03 1.90400000e+03 1.90600000e+03
 1.81700000e+03 1.73900000e+03 1.83100000e+03 1.81900000e+03 1.82700000e+03 1.82900000e+03 3.38900000e+03 1.70300000e+03 1.90300000e+03 1.90400000e+03 1.90400000e+03 1.90900000e+03
 1.81800000e+03 1.73900000e+03 1.82800000e+03 1.82300000e+03 1.82700000e+03 1.82600000e+03 3.38700000e+03 1.70300000e+03 1.90400000e+03 1.90500000e+03 1.90400000e+03 1.90700000e+03
 1.81700000e+03 1.73700000e+03 1.82900000e+03 1.81800000e+03 1.82900000e+03 1.82900000e+03 3.38700000e+03 1.70500000e+03 1.90400000e+03 1.90400000e+03 1.90500000e+03 1.90800000e+03
 1.81500000e+03 1.73800000e+03 1.82700000e+03 1.82200000e+03 1.82700000e+03 1.82900000e+03 3.38700000e+03 1.70700000e+03 1.90300000e+03 1.90400000e+03 1.90400000e+03 1.90700000e+03
 1.81800000e+03 1.73800000e+03 1.82700000e+03 1.82200000e+03 1.82700000e+03 1.83000000e+03 3.38500000e+03 1.70300000e+03 1.90400000e+03 1.90500000e+03 1.90400000e+03 1.90900000e+03
 1.81500000e+03 1.73900000e+03 1.83200000e+03 1.82100000e+03 1.82800000e+03 1.83000000e+03 3.38600000e+03 1.70300000e+03 1.90400000e+03 1.90500000e+03 1.90400000e+03 1.90600000e+03
 1.81900000e+03 1.73900000e+03 1.83000000e+03 1.82200000e+03 1.82700000e+03 1.83000000e+03 3.38700000e+03 1.70100000e+03 1.90400000e+03 1.90400000e+03 1.90400000e+03 1.90700000e+03
 1.81900000e+03 1.73700000e+03 1.82600000e+03 1.82700000e+03 1.82900000e+03 1.83300000e+03 3.38300000e+03 1.70200000e+03 1.90100000e+03 1.90700000e+03 1.90400000e+03 1.84000000e+03
 1.78200000e+03 1.73800000e+03 1.82900000e+03 1.81800000e+03 1.82500000e+03 1.83000000e+03 3.38300000e+03 1.70500000e+03 1.91500000e+03 1.90500000e+03 1.90400000e+03 1.93700000e+03
 1.80800000e+03 1.73800000e+03 1.83100000e+03 1.83200000e+03 1.82600000e+03 1.83000000e+03 3.38600000e+03 1.70300000e+03 1.87200000e+03 1.90500000e+03 1.90400000e+03 1.95200000e+03
 1.85700000e+03 1.73900000e+03 1.82700000e+03 1.81700000e+03 1.82700000e+03 1.83000000e+03 3.38600000e+03 1.70500000e+03 1.83800000e+03 1.90500000e+03 1.90600000e+03 1.86600000e+03
 1.85400000e+03 1.73800000e+03 1.83100000e+03 1.80900000e+03 1.82600000e+03 1.82900000e+03 3.38300000e+03 1.70600000e+03 1.89900000e+03 1.90400000e+03 1.90400000e+03 1.85400000e+03
 1.79800000e+03 1.73800000e+03 1.83100000e+03 1.82500000e+03 1.82700000e+03 1.83000000e+03 3.38500000e+03 1.70500000e+03 1.95200000e+03 1.90500000e+03 1.90400000e+03 1.93700000e+03
 1.79300000e+03 1.73900000e+03 1.83100000e+03 1.83600000e+03 1.82900000e+03 1.83300000e+03 3.38300000e+03 1.70200000e+03 1.91900000e+03 1.90700000e+03 1.90400000e+03 1.96500000e+03
 1.83800000e+03 1.73900000e+03 1.83000000e+03 1.82400000e+03 1.82600000e+03 1.82900000e+03 3.38800000e+03 1.70300000e+03 1.88100000e+03 1.90500000e+03 1.90400000e+03 1.91900000e+03
 1.84700000e+03 1.73900000e+03 1.82800000e+03 1.80800000e+03 1.82700000e+03 1.82700000e+03 3.38600000e+03 1.70300000e+03 1.88500000e+03 1.90600000e+03 1.90400000e+03 1.87500000e+03
 1.82200000e+03 1.73900000e+03 1.82600000e+03 1.81200000e+03 1.82800000e+03 1.83000000e+03 3.38600000e+03 1.70200000e+03 1.92200000e+03 1.90400000e+03 1.90400000e+03 1.89000000e+03
 1.78800000e+03 1.73900000e+03 1.83000000e+03 1.82700000e+03 1.82700000e+03 1.82600000e+03 3.38700000e+03 1.70200000e+03 1.93000000e+03 1.90400000e+03 1.90400000e+03 1.93300000e+03
 1.80800000e+03 1.73700000e+03 1.83000000e+03 1.82700000e+03 1.82700000e+03 1.83000000e+03 3.38600000e+03 1.70300000e+03 1.89100000e+03 1.90400000e+03 1.90500000e+03 1.93600000e+03
 1.83900000e+03 1.73800000e+03 1.83100000e+03 1.81800000e+03 1.82600000e+03 1.83100000e+03 3.38300000e+03 1.70300000e+03 1.88900000e+03 1.90400000e+03 1.90400000e+03 1.90400000e+03
 1.84000000e+03 1.73900000e+03 1.83100000e+03 1.81000000e+03 1.82700000e+03 1.82900000e+03 3.38700000e+03 1.70500000e+03 1.90400000e+03 1.90600000e+03 1.90400000e+03 1.89300000e+03
 1.81100000e+03 1.73900000e+03 1.83100000e+03 1.82400000e+03 1.82700000e+03 1.82900000e+03 3.38600000e+03 1.70600000e+03 1.91900000e+03 1.90600000e+03 1.90400000e+03 1.90700000e+03
 1.80700000e+03 1.73900000e+03 1.82800000e+03 1.82700000e+03 1.82800000e+03 1.83000000e+03 3.38100000e+03 1.70600000e+03 1.90700000e+03 1.90400000e+03 1.90400000e+03 1.92400000e+03
 1.81900000e+03 1.73900000e+03 1.82800000e+03 1.82300000e+03 1.82800000e+03 1.83000000e+03 3.38600000e+03 1.70300000e+03 1.89300000e+03 1.90500000e+03 1.90400000e+03 1.91800000e+03
 1.83000000e+03 1.73700000e+03 1.82900000e+03 1.81900000e+03 1.82600000e+03 1.82900000e+03 3.38700000e+03 1.70300000e+03 1.90200000e+03 1.90500000e+03 1.90400000e+03 1.90400000e+03
 1.82100000e+03 1.73800000e+03 1.83000000e+03 1.81700000e+03 1.82700000e+03 1.82900000e+03 3.38300000e+03 1.70300000e+03 1.90700000e+03 1.90400000e+03 1.90400000e+03 1.90400000e+03
 1.81000000e+03 1.73800000e+03 1.82900000e+03 1.82200000e+03 1.82800000e+03 1.82900000e+03 3.38600000e+03 1.70500000e+03 1.90700000e+03 1.90600000e+03 1.90400000e+03 1.91300000e+03
 1.81500000e+03 1.73800000e+03 1.82700000e+03 1.82300000e+03 1.82700000e+03 1.83000000e+03 3.38500000e+03 1.70100000e+03 1.89900000e+03 1.90500000e+03 1.90400000e+03 1.91400000e+03
 1.82100000e+03 1.73900000e+03 1.83000000e+03 1.82300000e+03 1.82600000e+03 1.82900000e+03 3.38600000e+03 1.70200000e+03 1.90100000e+03 1.90600000e+03 1.90400000e+03 1.90500000e+03
 1.82100000e+03 1.73500000e+03 1.83000000e+03 1.82000000e+03 1.82700000e+03 1.82600000e+03 3.38300000e+03 1.70200000e+03 1.90400000e+03 1.90500000e+03 1.90400000e+03 1.90500000e+03
 1.81100000e+03 1.73800000e+03 1.82800000e+03 1.81900000e+03 1.82700000e+03 1.83100000e+03 3.38300000e+03 1.70000000e+03 1.90400000e+03 1.90400000e+03 1.90400000e+03 1.90900000e+03
 1.81300000e+03 1.73800000e+03 1.82700000e+03 1.82000000e+03 1.82900000e+03 1.82700000e+03 3.38600000e+03 1.70200000e+03 1.90400000e+03 1.90500000e+03 1.90400000e+03 1.91000000e+03
 1.82100000e+03 1.73800000e+03 1.82800000e+03 1.82300000e+03 1.82900000e+03 1.83300000e+03 3.38300000e+03 1.70500000e+03 1.90200000e+03 1.90500000e+03 1.90300000e+03 1.90700000e+03
 1.82100000e+03 1.73900000e+03 1.82700000e+03 1.81900000e+03 1.82700000e+03 1.82700000e+03 3.38700000e+03 1.70300000e+03 1.90300000e+03 1.90400000e+03 1.90400000e+03 1.90400000e+03
 1.81500000e+03 1.73900000e+03 1.83100000e+03 1.81900000e+03 1.82900000e+03 1.82900000e+03 3.38100000e+03 1.70100000e+03 1.90400000e+03 1.90500000e+03 1.90400000e+03 1.90600000e+03
 1.81400000e+03 1.73800000e+03 1.82800000e+03 1.82100000e+03 1.82700000e+03 1.82800000e+03 3.38300000e+03 1.70200000e+03 1.90400000e+03 1.90500000e+03 1.90500000e+03 1.90600000e+03
 1.81700000e+03 1.73500000e+03 1.82900000e+03 1.82300000e+03 1.82500000e+03 1.82900000e+03 3.38900000e+03 1.70300000e+03 1.90200000e+03 1.90400000e+03 1.90400000e+03 1.90500000e+03
 1.82000000e+03 1.73900000e+03 1.82700000e+03 1.82000000e+03 1.82600000e+03 1.83000000e+03 3.38500000e+03 1.70100000e+03 1.90200000e+03 1.90400000e+03 1.90500000e+03 1.90500000e+03
 1.81500000e+03 1.73900000e+03 1.82800000e+03 1.82300000e+03 1.82800000e+03 1.82700000e+03 3.38600000e+03 1.70300000e+03 1.90400000e+03 1.90400000e+03 1.90400000e+03 1.90500000e+03
 1.81700000e+03 1.73800000e+03 1.82700000e+03 1.82100000e+03 1.82600000e+03 1.83100000e+03 3.38700000e+03 1.70200000e+03 1.90300000e+03 1.90400000e+03 1.90400000e+03 1.90800000e+03
 1.81500000e+03 1.73700000e+03 1.83100000e+03 1.82100000e+03 1.82400000e+03 1.83000000e+03 3.38100000e+03 1.70300000e+03 1.90300000e+03 1.90700000e+03 1.90400000e+03 1.90900000e+03
 1.81800000e+03 1.74100000e+03 1.82700000e+03 1.82100000e+03 1.82600000e+03 1.82900000e+03 3.38700000e+03 1.70600000e+03 1.90400000e+03 1.90500000e+03 1.90400000e+03 1.90600000e+03
 1.81900000e+03 1.73900000e+03 1.83100000e+03 1.82100000e+03 1.82600000e+03 1.83100000e+03 3.39000000e+03 1.70100000e+03 1.90300000e+03 1.90500000e+03 1.90400000e+03 1.90500000e+03
 1.81900000e+03 1.73900000e+03 1.83100000e+03 1.81900000e+03 1.82700000e+03 1.82700000e+03 3.38500000e+03 1.70500000e+03 1.90500000e+03 1.90400000e+03 1.90400000e+03 1.90700000e+03
 1.81400000e+03 1.73900000e+03 1.82900000e+03 1.82000000e+03 1.82900000e+03 1.83000000e+03 3.38500000e+03 1.70300000e+03 1.90400000e+03 1.90400000e+03 1.90400000e+03 1.90600000e+03
 1.81800000e+03 1.73800000e+03 1.82900000e+03 1.82200000e+03 1.82900000e+03 1.82800000e+03 3.38600000e+03 1.70100000e+03 1.90300000e+03 1.90400000e+03 1.90400000e+03 1.90700000e+03
 1.81800000e+03 1.73700000e+03 1.82700000e+03 1.82300000e+03 1.82700000e+03 1.83000000e+03 3.38600000e+03 1.70200000e+03 1.90200000e+03 1.90600000e+03 1.90400000e+03 1.90700000e+03
 1.81700000e+03 1.73800000e+03 1.83100000e+03 1.82100000e+03 1.82700000e+03 1.83100000e+03 3.38500000e+03 1.70300000e+03 1.90400000e+03 1.90700000e+03 1.90400000e+03 1.90500000e+03
 1.81800000e+03 1.74000000e+03 1.82900000e+03 1.81800000e+03 1.82900000e+03 1.83300000e+03 3.38600000e+03 1.70200000e+03 1.90400000e+03 1.90400000e+03 1.90400000e+03 1.90900000e+03
 1.81500000e+03 1.73800000e+03 1.83000000e+03 1.82200000e+03 1.82700000e+03 1.83000000e+03 3.38500000e+03 1.70200000e+03 1.90400000e+03 1.90400000e+03 1.90400000e+03 1.90700000e+03
 1.81700000e+03 1.74100000e+03 1.83100000e+03 1.82100000e+03 1.82500000e+03 1.82700000e+03 3.38500000e+03 1.70200000e+03 1.90400000e+03 1.90400000e+03 1.90400000e+03 1.90700000e+03
 1.81700000e+03 1.73800000e+03 1.83300000e+03 1.82300000e+03 1.82900000e+03 1.83000000e+03 3.38100000e+03 1.70500000e+03 1.90400000e+03 1.90500000e+03 1.90400000e+03 1.90600000e+03
 1.81800000e+03 1.73900000e+03 1.83000000e+03 1.82100000e+03 1.82500000e+03 1.83100000e+03 3.38300000e+03 1.70300000e+03 1.90400000e+03 1.90600000e+03 1.90400000e+03 1.90900000e+03
 1.81700000e+03 1.73700000e+03 1.83000000e+03 1.82200000e+03 1.82700000e+03 1.82900000e+03 3.38600000e+03 1.70300000e+03 1.90400000e+03 1.90600000e+03 1.90400000e+03 1.90600000e+03
 1.81500000e+03 1.74100000e+03 1.83000000e+03 1.82100000e+03 1.82900000e+03 1.83000000e+03 3.38600000e+03 1.70500000e+03 1.90100000e+03 1.90400000e+03 1.90400000e+03 1.90800000e+03
 1.81900000e+03 1.74100000e+03 1.82700000e+03 1.82300000e+03 1.82700000e+03 1.82700000e+03 3.38500000e+03 1.70100000e+03 1.90400000e+03 1.90400000e+03 1.90500000e+03 1.90600000e+03
 1.81900000e+03 1.73900000e+03 1.83100000e+03 1.81900000e+03 1.82900000e+03 1.83000000e+03 3.38600000e+03 1.70300000e+03 1.90300000e+03 1.90400000e+03 1.90600000e+03 1.90700000e+03
 1.81700000e+03 1.73900000e+03 1.82900000e+03 1.82100000e+03 1.83000000e+03 1.82900000e+03 3.38300000e+03 1.70200000e+03 1.90400000e+03 1.90400000e+03 1.90400000e+03 1.90900000e+03
 1.81900000e+03 1.74000000e+03 1.83100000e+03 1.81900000e+03 1.82700000e+03 1.83000000e+03 3.38600000e+03 1.70300000e+03 1.90400000e+03 1.90500000e+03 1.90500000e+03 1.90600000e+03
 1.81900000e+03 1.73700000e+03 1.82800000e+03 1.82100000e+03 1.82500000e+03 1.83000000e+03 3.38300000e+03 1.70500000e+03 1.90400000e+03 1.90800000e+03 1.90400000e+03 1.90700000e+03
 1.81900000e+03 1.73900000e+03 1.83000000e+03 1.82300000e+03 1.82900000e+03 1.82800000e+03 3.38700000e+03 1.70200000e+03 1.90300000e+03 1.90600000e+03 1.90400000e+03 1.90900000e+03
 1.81900000e+03 1.73700000e+03 1.82700000e+03 1.82100000e+03 1.82800000e+03 1.83100000e+03 3.38600000e+03 1.70300000e+03 1.90400000e+03 1.90500000e+03 1.90400000e+03 1.90700000e+03
 1.81700000e+03 1.74000000e+03 1.82900000e+03 1.82100000e+03 1.82700000e+03 1.83000000e+03 3.38600000e+03 1.70600000e+03 1.90200000e+03 1.90600000e+03 1.90400000e+03 1.90700000e+03
 1.81900000e+03 1.73900000e+03 1.89300000e+03 1.82100000e+03 1.82600000e+03 1.82700000e+03 3.39000000e+03 1.70600000e+03 1.90400000e+03 1.90600000e+03 1.90400000e+03 1.90700000e+03
 1.81800000e+03 1.74000000e+03 1.83000000e+03 1.82100000e+03 1.82700000e+03 1.82900000e+03 3.38200000e+03 1.70300000e+03 1.90300000e+03 1.90400000e+03 1.90400000e+03 1.90700000e+03
 1.81700000e+03 1.74000000e+03 1.82700000e+03 1.82000000e+03 1.82300000e+03 1.82900000e+03 3.38300000e+03 1.70200000e+03 1.90400000e+03 1.90400000e+03 1.90400000e+03 1.90600000e+03
 1.81400000e+03 1.73500000e+03 1.82500000e+03 1.82100000e+03 1.82600000e+03 1.82900000e+03 3.38600000e+03 1.70300000e+03 1.90300000e+03 1.90500000e+03 1.90400000e+03 1.90900000e+03
 1.81800000e+03 1.73900000e+03 1.83100000e+03 1.82200000e+03 1.82700000e+03 1.83000000e+03 3.38600000e+03 1.70300000e+03 1.90400000e+03 1.90500000e+03 1.90400000e+03 1.90500000e+03
 1.81500000e+03 1.73800000e+03 1.83000000e+03 1.82200000e+03 1.82500000e+03 1.82800000e+03 3.38700000e+03 1.70100000e+03 1.90400000e+03 1.90400000e+03 1.89500000e+03 1.90600000e+03
 1.81700000e+03 1.73900000e+03 1.82800000e+03 1.82400000e+03 1.82500000e+03 1.82900000e+03 3.37600000e+03 1.70100000e+03 1.88500000e+03 1.90500000e+03 1.89900000e+03 2.01900000e+03
 1.87400000e+03 1.73700000e+03 1.82900000e+03 1.80800000e+03 1.82600000e+03 1.83000000e+03 3.37600000e+03 1.70200000e+03 1.95900000e+03 1.90400000e+03 1.90400000e+03 1.87900000e+03
 1.76200000e+03 1.73500000e+03 1.82600000e+03 1.82700000e+03 1.82700000e+03 1.83000000e+03 3.38300000e+03 1.70100000e+03 1.92600000e+03 1.90400000e+03 1.90400000e+03 1.89800000e+03
 1.72900000e+03 1.74000000e+03 1.82800000e+03 1.82700000e+03 1.82700000e+03 1.83000000e+03 3.38600000e+03 1.70200000e+03 1.90000000e+03 1.90600000e+03 1.90400000e+03 1.95900000e+03
 1.82500000e+03 1.73900000e+03 1.83000000e+03 1.81500000e+03 1.82800000e+03 1.82900000e+03 3.38700000e+03 1.70300000e+03 1.88800000e+03 1.90400000e+03 1.90400000e+03 1.93300000e+03
 1.86900000e+03 1.73900000e+03 1.82800000e+03 1.80800000e+03 1.82700000e+03 1.82900000e+03 3.38600000e+03 1.70300000e+03 1.89200000e+03 1.90500000e+03 1.90400000e+03 1.86700000e+03
 1.82400000e+03 1.73700000e+03 1.82700000e+03 1.82300000e+03 1.82700000e+03 1.83100000e+03 3.38600000e+03 1.70500000e+03 1.91600000e+03 1.90400000e+03 1.90400000e+03 1.88600000e+03
 1.78300000e+03 1.73900000e+03 1.83000000e+03 1.84000000e+03 1.82400000e+03 1.82900000e+03 3.38600000e+03 1.70500000e+03 1.89500000e+03 1.90400000e+03 1.90400000e+03 1.91000000e+03
 1.80200000e+03 1.73800000e+03 1.82900000e+03 1.82100000e+03 1.82700000e+03 1.83000000e+03 3.38300000e+03 1.70000000e+03 1.88500000e+03 1.90500000e+03 1.90500000e+03 1.92000000e+03
 1.83700000e+03 1.73900000e+03 1.83200000e+03 1.80800000e+03 1.82500000e+03 1.82900000e+03 3.38700000e+03 1.70300000e+03 1.89300000e+03 1.90600000e+03 1.90400000e+03 1.91000000e+03
 1.83400000e+03 1.73900000e+03 1.83100000e+03 1.81300000e+03 1.82700000e+03 1.83000000e+03 3.38600000e+03 1.70300000e+03 1.90400000e+03 1.90500000e+03 1.90300000e+03 1.89300000e+03
 1.81100000e+03 1.73900000e+03 1.82900000e+03 1.83000000e+03 1.82700000e+03 1.82900000e+03 3.38300000e+03 1.70300000e+03 1.90900000e+03 1.90400000e+03 1.90400000e+03 1.90400000e+03
 1.80600000e+03 1.73900000e+03 1.83100000e+03 1.83100000e+03 1.82700000e+03 1.83000000e+03 3.38200000e+03 1.70200000e+03 1.89900000e+03 1.90700000e+03 1.90400000e+03 1.90500000e+03
 1.81400000e+03 1.73800000e+03 1.82700000e+03 1.81700000e+03 1.82700000e+03 1.82900000e+03 3.38700000e+03 1.70100000e+03 1.89200000e+03 1.90400000e+03 1.90400000e+03 1.90400000e+03
 1.82300000e+03 1.73900000e+03 1.82600000e+03 1.81500000e+03 1.82500000e+03 1.83000000e+03 3.38300000e+03 1.70200000e+03 1.90200000e+03 1.90600000e+03 1.90400000e+03 1.90400000e+03
 1.81500000e+03 1.73900000e+03 1.83000000e+03 1.82000000e+03 1.82300000e+03 1.83000000e+03 3.38600000e+03 1.70600000e+03 1.90500000e+03 1.90500000e+03 1.90300000e+03 1.91100000e+03
 1.81100000e+03 1.73900000e+03 1.82700000e+03 1.82600000e+03 1.82600000e+03 1.83000000e+03 3.38700000e+03 1.70600000e+03 1.90300000e+03 1.90400000e+03 1.90400000e+03 1.91000000e+03
 1.81600000e+03 1.73900000e+03 1.83000000e+03 1.82300000e+03 1.82700000e+03 1.82800000e+03 3.39000000e+03 1.70300000e+03 1.89800000e+03 1.90400000e+03 1.90400000e+03 1.90400000e+03
 1.82100000e+03 1.74100000e+03 1.82900000e+03 1.81800000e+03 1.82700000e+03 1.82800000e+03 3.38300000e+03 1.70300000e+03 1.90200000e+03 1.90600000e+03 1.90400000e+03 1.89900000e+03
 1.81500000e+03 1.73900000e+03 1.82900000e+03 1.81900000e+03 1.82900000e+03 1.83000000e+03 3.38900000e+03 1.70300000e+03 1.90500000e+03 1.90400000e+03 1.90500000e+03 1.90400000e+03
 1.81500000e+03 1.73800000e+03 1.82900000e+03 1.82300000e+03 1.82900000e+03 1.82900000e+03 3.39000000e+03 1.70300000e+03 1.90400000e+03 1.90500000e+03 1.90400000e+03 1.90900000e+03
 1.81500000e+03 1.73800000e+03 1.82900000e+03 1.82400000e+03 1.82500000e+03 1.83100000e+03 3.38700000e+03 1.70200000e+03 1.90100000e+03 1.90500000e+03 1.90400000e+03 1.90700000e+03
 1.82300000e+03 1.73800000e+03 1.82900000e+03 1.82200000e+03 1.83000000e+03 1.82700000e+03 3.38300000e+03 1.70300000e+03 1.90400000e+03 1.90500000e+03 1.90400000e+03 1.90400000e+03
 1.81900000e+03 1.73800000e+03 1.83000000e+03 1.81900000e+03 1.83100000e+03 1.82900000e+03 3.39100000e+03 1.70200000e+03 1.90500000e+03 1.90500000e+03 1.90400000e+03 1.90400000e+03
 1.81700000e+03 1.73900000e+03 1.83000000e+03 1.82200000e+03 1.83000000e+03 1.82900000e+03 3.38700000e+03 1.70600000e+03 1.90900000e+03 1.90400000e+03 1.90500000e+03 1.90600000e+03
 1.81500000e+03 1.73900000e+03 1.83100000e+03 1.82200000e+03 1.82700000e+03 1.82900000e+03 3.38900000e+03 1.70300000e+03 1.90400000e+03 1.90500000e+03 1.90400000e+03 1.90700000e+03
 1.82100000e+03 1.74000000e+03 1.82700000e+03 1.82000000e+03 1.82500000e+03 1.82900000e+03 3.38900000e+03 1.70300000e+03 1.90300000e+03 1.90600000e+03 1.90400000e+03 1.90700000e+03
 1.81900000e+03 1.73800000e+03 1.82900000e+03 1.82000000e+03 1.82700000e+03 1.82900000e+03 3.38000000e+03 1.70500000e+03 1.90400000e+03 1.90600000e+03 1.90400000e+03 1.90500000e+03
 1.81500000e+03 1.73900000e+03 1.83000000e+03 1.82100000e+03 1.82800000e+03 1.82900000e+03 3.38500000e+03 1.70600000e+03 1.90400000e+03 1.90800000e+03 1.90400000e+03 1.90600000e+03
 1.81400000e+03 1.73800000e+03 1.83000000e+03 1.82300000e+03 1.82800000e+03 1.82700000e+03 3.38500000e+03 1.70300000e+03 1.90400000e+03 1.90700000e+03 1.90400000e+03 1.91000000e+03
 1.81800000e+03 1.73900000e+03 1.83100000e+03 1.82100000e+03 1.82600000e+03 1.82800000e+03 3.38700000e+03 1.70700000e+03 1.90300000e+03 1.90700000e+03 1.90400000e+03 1.91100000e+03
 1.82200000e+03 1.73900000e+03 1.83100000e+03 1.82300000e+03 1.82700000e+03 1.83100000e+03 3.38300000e+03 1.70500000e+03 1.90300000e+03 1.90400000e+03 1.90500000e+03 1.90700000e+03
 1.81800000e+03 1.73800000e+03 1.83000000e+03 1.82300000e+03 1.82900000e+03 1.83100000e+03 3.38700000e+03 1.70600000e+03 1.90400000e+03 1.90400000e+03 1.90400000e+03 1.90600000e+03
 1.81500000e+03 1.73900000e+03 1.82700000e+03 1.81900000e+03 1.82900000e+03 1.83100000e+03 3.39000000e+03 1.70500000e+03 1.90400000e+03 1.90400000e+03 1.90400000e+03 1.90700000e+03
 1.81700000e+03 1.73800000e+03 1.82800000e+03 1.82100000e+03 1.82700000e+03 1.82900000e+03 3.38600000e+03 1.70300000e+03 1.90200000e+03 1.90600000e+03 1.90400000e+03 1.90900000e+03
 1.81500000e+03 1.73900000e+03 1.83000000e+03 1.82100000e+03 1.82800000e+03 1.83000000e+03 3.38300000e+03 1.70100000e+03 1.90300000e+03 1.90500000e+03 1.90400000e+03 1.90600000e+03
 1.81800000e+03 1.73900000e+03 1.82700000e+03 1.81900000e+03 1.82700000e+03 1.83100000e+03 3.38600000e+03 1.70500000e+03 1.90400000e+03 1.90600000e+03 1.90500000e+03 1.90600000e+03
 1.81800000e+03 1.74000000e+03 1.82700000e+03 1.82100000e+03 1.82600000e+03 1.82900000e+03 3.38700000e+03 1.70600000e+03 1.90400000e+03 1.90500000e+03 1.90400000e+03 1.90700000e+03
 1.81500000e+03 1.73700000e+03 1.82600000e+03 1.82100000e+03 1.82900000e+03 1.82900000e+03 3.38700000e+03 1.70200000e+03 1.90300000e+03 1.90500000e+03 1.90400000e+03 1.90700000e+03
 1.81800000e+03 1.73800000e+03 1.82700000e+03 1.81800000e+03 1.82700000e+03 1.82800000e+03 3.38300000e+03 1.70300000e+03 1.90300000e+03 1.90400000e+03 1.90400000e+03 1.90600000e+03
 1.81900000e+03 1.73900000e+03 1.82700000e+03 1.82100000e+03 1.82900000e+03 1.82700000e+03 3.38700000e+03 1.70300000e+03 1.90400000e+03 1.90400000e+03 1.90500000e+03 1.90600000e+03
 1.81500000e+03 1.73900000e+03 1.82900000e+03 1.82100000e+03 1.82600000e+03 1.83000000e+03 3.38600000e+03 1.70200000e+03 1.90400000e+03 1.90400000e+03 1.90400000e+03 1.90800000e+03
 1.81700000e+03 1.73900000e+03 1.82700000e+03 1.81900000e+03 1.82600000e+03 1.83000000e+03 3.38700000e+03 1.70200000e+03 1.90400000e+03 1.90500000e+03 1.90400000e+03 1.90700000e+03
 1.82000000e+03 1.73700000e+03 1.83100000e+03 1.81900000e+03 1.82600000e+03 1.82700000e+03 3.38300000e+03 1.70600000e+03 1.90300000e+03 1.90400000e+03 1.90400000e+03 1.90900000e+03
 1.81500000e+03 1.73800000e+03 1.82900000e+03 1.81900000e+03 1.82700000e+03 1.82700000e+03 3.38300000e+03 1.70200000e+03 1.90400000e+03 1.90400000e+03 1.90400000e+03 1.90500000e+03
 1.81900000e+03 1.73700000e+03 1.83000000e+03 1.81900000e+03 1.82400000e+03 1.82900000e+03 3.38500000e+03 1.70300000e+03 1.90400000e+03 1.90500000e+03 1.90400000e+03 1.90600000e+03
 1.81400000e+03 1.73700000e+03 1.83000000e+03 1.82100000e+03 1.82600000e+03 1.82900000e+03 3.38300000e+03 1.70500000e+03 1.90400000e+03 1.90700000e+03 1.90400000e+03 1.90700000e+03
 1.81800000e+03 1.73900000e+03 1.82800000e+03 1.82200000e+03 1.82900000e+03 1.82900000e+03 3.38300000e+03 1.70100000e+03 1.90300000e+03 1.90500000e+03 1.90500000e+03 1.90700000e+03
 1.81900000e+03 1.73800000e+03 1.82700000e+03 1.81900000e+03 1.82500000e+03 1.82900000e+03 3.38300000e+03 1.70300000e+03 1.90300000e+03 1.90500000e+03 1.90400000e+03 1.90700000e+03
 1.81800000e+03 1.73700000e+03 1.82700000e+03 1.82200000e+03 1.82500000e+03 1.83100000e+03 3.38300000e+03 1.70200000e+03 1.90400000e+03 1.90400000e+03 1.90400000e+03 1.90600000e+03
 1.81800000e+03 1.74000000e+03 1.83300000e+03 1.82300000e+03 1.82600000e+03 1.82900000e+03 3.38700000e+03 1.70300000e+03 1.90400000e+03 1.90600000e+03 1.90400000e+03 1.90900000e+03
 1.81700000e+03 1.73900000e+03 1.83200000e+03 1.81900000e+03 1.82700000e+03 1.82900000e+03 3.38700000e+03 1.70500000e+03 1.90400000e+03 1.90500000e+03 1.90400000e+03 1.90600000e+03
 1.81700000e+03 1.74400000e+03 1.82800000e+03 1.81900000e+03 1.82900000e+03 1.82900000e+03 3.38300000e+03 1.70600000e+03 1.90400000e+03 1.90600000e+03 1.90400000e+03 1.91000000e+03
 1.81900000e+03 1.73900000e+03 1.82900000e+03 1.82200000e+03 1.82700000e+03 1.82700000e+03 3.38700000e+03 1.70300000e+03 1.90400000e+03 1.90600000e+03 1.90400000e+03 1.90700000e+03
 1.81900000e+03 1.74100000e+03 1.83300000e+03 1.82200000e+03 1.82700000e+03 1.83100000e+03 3.38300000e+03 1.70200000e+03 1.90400000e+03 1.90500000e+03 1.90500000e+03 1.90700000e+03
 1.81700000e+03 1.73900000e+03 1.82900000e+03 1.82100000e+03 1.83000000e+03 1.82900000e+03 3.38500000e+03 1.70100000e+03 1.90400000e+03 1.90500000e+03 1.90400000e+03 1.90700000e+03
 1.81700000e+03 1.73900000e+03 1.82700000e+03 1.82100000e+03 1.83300000e+03 1.83000000e+03 3.38700000e+03 1.70500000e+03 1.90300000e+03 1.90500000e+03 1.90500000e+03 1.90700000e+03
 1.81800000e+03 1.73800000e+03 1.83100000e+03 1.82300000e+03 1.82800000e+03 1.82900000e+03 3.38200000e+03 1.70100000e+03 1.90400000e+03 1.90500000e+03 1.90400000e+03 1.90600000e+03
 1.81700000e+03 1.73700000e+03 1.82700000e+03 1.82000000e+03 1.82700000e+03 1.82900000e+03 3.38700000e+03 1.70600000e+03 1.90400000e+03 1.90500000e+03 1.90500000e+03 1.90600000e+03
 1.82000000e+03 1.73500000e+03 1.82900000e+03 1.82200000e+03 1.82800000e+03 1.82900000e+03 3.37600000e+03 1.70100000e+03 1.90400000e+03 1.90500000e+03 1.90400000e+03 1.90900000e+03
 1.81900000e+03 1.73900000e+03 1.83000000e+03 1.82100000e+03 1.82700000e+03 1.82900000e+03 3.38900000e+03 1.70300000e+03 1.90300000e+03 1.90400000e+03 1.90300000e+03 1.90600000e+03
 1.81800000e+03 1.73800000e+03 1.82900000e+03 1.82100000e+03 1.83100000e+03 1.82900000e+03 3.37900000e+03 1.70600000e+03 1.90400000e+03 1.90500000e+03 1.90400000e+03 1.90700000e+03
 1.81900000e+03 1.73900000e+03 1.82800000e+03 1.82000000e+03 1.82700000e+03 1.83000000e+03 3.38700000e+03 1.70200000e+03 1.90400000e+03 1.90400000e+03 1.90400000e+03 1.90700000e+03
 1.81500000e+03 1.74100000e+03 1.83100000e+03 1.82100000e+03 1.83000000e+03 1.82700000e+03 3.38900000e+03 1.70300000e+03 1.90400000e+03 1.90700000e+03 1.90400000e+03 1.90700000e+03
 1.81900000e+03 1.74100000e+03 1.82900000e+03 1.82100000e+03 1.82600000e+03 1.83100000e+03 3.38700000e+03 1.70200000e+03 1.90300000e+03 1.90500000e+03 1.90400000e+03 1.90900000e+03
 1.81800000e+03 1.73900000e+03 1.83100000e+03 1.82200000e+03 1.82900000e+03 1.83100000e+03 3.38300000e+03 1.70300000e+03 1.90400000e+03 1.90700000e+03 1.90400000e+03 1.90900000e+03
 1.82200000e+03 1.73900000e+03 1.83100000e+03 1.82300000e+03 1.82600000e+03 1.82900000e+03 3.38600000e+03 1.70300000e+03 1.90500000e+03 1.90500000e+03 1.90400000e+03 1.90700000e+03
 1.81700000e+03 1.73500000e+03 1.83100000e+03 1.82300000e+03 1.82900000e+03 1.82900000e+03 3.39000000e+03 1.70400000e+03 1.90300000e+03 1.90500000e+03 1.90400000e+03 1.90700000e+03
 1.81500000e+03 1.73900000e+03 1.83100000e+03 1.81900000e+03 1.82600000e+03 1.83100000e+03 3.38600000e+03 1.70300000e+03 1.90400000e+03 1.90700000e+03 1.90500000e+03 1.90800000e+03
 1.81900000e+03 1.73800000e+03 1.83200000e+03 1.82100000e+03 1.82600000e+03 1.82700000e+03 3.39100000e+03 1.70700000e+03 1.90600000e+03 1.90500000e+03 1.90400000e+03 1.90700000e+03
 1.82100000e+03 1.73900000e+03 1.83100000e+03 1.81900000e+03 1.82700000e+03 1.83100000e+03 3.38700000e+03 1.70300000e+03 1.90400000e+03 1.90700000e+03 1.90400000e+03 1.90700000e+03
 1.81800000e+03 1.73800000e+03 1.82900000e+03 1.82300000e+03 1.82700000e+03 1.82700000e+03 3.38600000e+03 1.70200000e+03 1.90400000e+03 1.90400000e+03 1.90400000e+03 1.90700000e+03
 1.81800000e+03 1.73800000e+03 1.83000000e+03 1.81800000e+03 1.82700000e+03 1.83000000e+03 3.38600000e+03 1.70400000e+03 1.90400000e+03 1.90600000e+03 1.90400000e+03 1.90700000e+03
 1.81800000e+03 1.73900000e+03 1.82800000e+03 1.82300000e+03 1.82700000e+03 1.83100000e+03 3.38900000e+03 1.70500000e+03 1.90400000e+03 1.90600000e+03 1.90500000e+03 1.90600000e+03
 1.82000000e+03 1.73900000e+03 1.82900000e+03 1.82200000e+03 1.82900000e+03 1.83000000e+03 3.39000000e+03 1.70300000e+03 1.90400000e+03 1.90400000e+03 1.90400000e+03 1.90800000e+03
 1.81800000e+03 1.72600000e+03 1.83100000e+03 1.81900000e+03 1.82900000e+03 1.82800000e+03 3.38500000e+03 1.70300000e+03 1.90400000e+03 1.90500000e+03 1.90300000e+03 1.90700000e+03
 1.82000000e+03 1.73700000e+03 1.82800000e+03 1.82100000e+03 1.83000000e+03 1.82700000e+03 3.38900000e+03 1.70200000e+03 1.90400000e+03 1.90600000e+03 1.90400000e+03 1.90700000e+03
 1.81400000e+03 1.73700000e+03 1.82700000e+03 1.81900000e+03 1.83000000e+03 1.82900000e+03 3.38700000e+03 1.71200000e+03 1.90400000e+03 1.92400000e+03 1.90400000e+03 1.90700000e+03
 1.81700000e+03 1.73800000e+03 1.82900000e+03 1.82100000e+03 1.82900000e+03 1.82800000e+03 3.38300000e+03 1.70100000e+03 1.90400000e+03 1.90400000e+03 1.90400000e+03 1.90600000e+03
 1.81900000e+03 1.73900000e+03 1.82700000e+03 1.82100000e+03 1.82500000e+03 1.82900000e+03 3.38300000e+03 1.70200000e+03 1.90400000e+03 1.90600000e+03 1.90400000e+03 1.90600000e+03
 1.81700000e+03 1.73800000e+03 1.82900000e+03 1.82100000e+03 1.82600000e+03 1.82900000e+03 3.38200000e+03 1.70200000e+03 1.90400000e+03 1.90500000e+03 1.90400000e+03 1.90700000e+03
 1.81700000e+03 1.74100000e+03 1.82900000e+03 1.82200000e+03 1.82700000e+03 1.83000000e+03 3.38300000e+03 1.70300000e+03 1.90400000e+03 1.90400000e+03 1.90400000e+03 1.90700000e+03
 1.81900000e+03 1.73900000e+03 1.82800000e+03 1.82200000e+03 1.82900000e+03 1.82900000e+03 3.38600000e+03 1.70300000e+03 1.90400000e+03 1.90600000e+03 1.90500000e+03 1.90700000e+03
 1.82100000e+03 1.73900000e+03 1.82700000e+03 1.82200000e+03 1.83000000e+03 1.82900000e+03 3.38700000e+03 1.70300000e+03 1.90400000e+03 1.90500000e+03 1.90400000e+03 1.90700000e+03
 1.81800000e+03 1.73900000e+03 1.83100000e+03 1.82300000e+03 1.82500000e+03 1.82900000e+03 3.38700000e+03 1.70300000e+03 1.90500000e+03 1.90500000e+03 1.90400000e+03 1.90500000e+03
 1.81700000e+03 1.74100000e+03 1.83100000e+03 1.82100000e+03 1.82600000e+03 1.83000000e+03 3.38600000e+03 1.70300000e+03 1.90400000e+03 1.90500000e+03 1.90400000e+03 1.90900000e+03
 1.81500000e+03 1.73800000e+03 1.82900000e+03 1.82200000e+03 1.82800000e+03 1.83100000e+03 3.38600000e+03 1.70400000e+03 1.90300000e+03 1.90500000e+03 1.90400000e+03 1.90800000e+03
 1.81900000e+03 1.73900000e+03 1.82900000e+03 1.82100000e+03 1.82700000e+03 1.82900000e+03 3.38600000e+03 1.70300000e+03 1.90400000e+03 1.90600000e+03 1.90400000e+03 1.90800000e+03
 1.81800000e+03 1.73700000e+03 1.83000000e+03 1.81900000e+03 1.82900000e+03 1.83000000e+03 3.38600000e+03 1.70300000e+03 1.90400000e+03 1.90500000e+03 1.90400000e+03 1.90800000e+03
 1.81500000e+03 1.73600000e+03 1.82700000e+03 1.82100000e+03 1.82700000e+03 1.83300000e+03 3.38700000e+03 1.70300000e+03 1.90400000e+03 1.90600000e+03 1.90400000e+03 1.88900000e+03
 1.81800000e+03 1.73800000e+03 1.83000000e+03 1.82500000e+03 1.82900000e+03 1.82900000e+03 3.38100000e+03 1.70300000e+03 1.84700000e+03 1.90400000e+03 1.90400000e+03 2.17600000e+03
 1.86300000e+03 1.73800000e+03 1.82900000e+03 1.81000000e+03 1.82500000e+03 1.83000000e+03 3.38900000e+03 1.70300000e+03 1.94700000e+03 1.90400000e+03 1.90400000e+03 1.89400000e+03
 1.74300000e+03 1.74000000e+03 1.82700000e+03 1.82300000e+03 1.82800000e+03 1.82800000e+03 3.38600000e+03 1.70200000e+03 1.94500000e+03 1.90400000e+03 1.90400000e+03 1.92700000e+03
 1.72800000e+03 1.73800000e+03 1.82900000e+03 1.83400000e+03 1.82900000e+03 1.82900000e+03 3.38500000e+03 1.70200000e+03 1.90400000e+03 1.90500000e+03 1.90400000e+03 1.99100000e+03
 1.83000000e+03 1.73900000e+03 1.82900000e+03 1.82200000e+03 1.82500000e+03 1.83000000e+03 3.38500000e+03 1.70300000e+03 1.86600000e+03 1.90500000e+03 1.90400000e+03 1.95500000e+03
 1.88300000e+03 1.73800000e+03 1.82700000e+03 1.80700000e+03 1.82600000e+03 1.83000000e+03 3.38600000e+03 1.70300000e+03 1.87100000e+03 1.90600000e+03 1.90400000e+03 1.85500000e+03
 1.84300000e+03 1.74100000e+03 1.82900000e+03 1.81900000e+03 1.82700000e+03 1.82900000e+03 3.38600000e+03 1.70300000e+03 1.91700000e+03 1.90400000e+03 1.90500000e+03 1.87900000e+03
 1.77700000e+03 1.73800000e+03 1.82900000e+03 1.83900000e+03 1.83000000e+03 1.82800000e+03 3.38500000e+03 1.70100000e+03 1.91900000e+03 1.90400000e+03 1.90400000e+03 1.93500000e+03
 1.79700000e+03 1.73700000e+03 1.83100000e+03 1.82600000e+03 1.82600000e+03 1.83000000e+03 3.38700000e+03 1.70400000e+03 1.89100000e+03 1.90500000e+03 1.90400000e+03 1.93800000e+03
 1.84000000e+03 1.73900000e+03 1.82700000e+03 1.81000000e+03 1.82600000e+03 1.83000000e+03 3.38300000e+03 1.70200000e+03 1.88600000e+03 1.90500000e+03 1.90400000e+03 1.91300000e+03
 1.84700000e+03 1.73800000e+03 1.83000000e+03 1.80800000e+03 1.82600000e+03 1.82900000e+03 3.38600000e+03 1.70200000e+03 1.89800000e+03 1.90500000e+03 1.90400000e+03 1.87900000e+03
 1.81500000e+03 1.73900000e+03 1.82800000e+03 1.82600000e+03 1.82700000e+03 1.82900000e+03 3.38600000e+03 1.70200000e+03 1.91800000e+03 1.90500000e+03 1.90400000e+03 1.90400000e+03
 1.79900000e+03 1.73800000e+03 1.82800000e+03 1.83100000e+03 1.82700000e+03 1.83000000e+03 3.38300000e+03 1.70200000e+03 1.90200000e+03 1.90400000e+03 1.90400000e+03 1.92200000e+03
 1.81100000e+03 1.73800000e+03 1.82900000e+03 1.82000000e+03 1.82700000e+03 1.82900000e+03 3.38300000e+03 1.70200000e+03 1.88900000e+03 1.90500000e+03 1.90400000e+03 1.91700000e+03
 1.83400000e+03 1.73800000e+03 1.83000000e+03 1.81300000e+03 1.82800000e+03 1.82900000e+03 3.38300000e+03 1.69900000e+03 1.90000000e+03 1.90400000e+03 1.90400000e+03 1.90400000e+03
 1.82600000e+03 1.74100000e+03 1.82700000e+03 1.82100000e+03 1.82600000e+03 1.82900000e+03 3.38600000e+03 1.70200000e+03 1.90700000e+03 1.90400000e+03 1.90400000e+03 1.90400000e+03
 1.81000000e+03 1.73700000e+03 1.83100000e+03 1.82900000e+03 1.82800000e+03 1.83100000e+03 3.38300000e+03 1.70300000e+03 1.90700000e+03 1.91300000e+03 1.90400000e+03 1.90900000e+03
 1.81100000e+03 1.73300000e+03 1.83000000e+03 1.82600000e+03 1.83000000e+03 1.83000000e+03 3.38500000e+03 1.70600000e+03 1.89800000e+03 1.90400000e+03 1.90500000e+03 1.92300000e+03
 1.81900000e+03 1.73900000e+03 1.83400000e+03 1.82100000e+03 1.82700000e+03 1.83100000e+03 3.38600000e+03 1.70300000e+03 1.89600000e+03 1.87200000e+03 1.90300000e+03 1.90400000e+03
 1.82100000e+03 1.73900000e+03 1.82900000e+03 1.81900000e+03 1.82800000e+03 1.83300000e+03 3.38300000e+03 1.69800000e+03 1.90500000e+03 1.90600000e+03 1.90500000e+03 1.90400000e+03
 1.81400000e+03 1.73900000e+03 1.83000000e+03 1.82300000e+03 1.83100000e+03 1.82900000e+03 3.38500000e+03 1.70600000e+03 1.90400000e+03 1.90400000e+03 1.90400000e+03 1.91000000e+03
 1.81200000e+03 1.73800000e+03 1.83100000e+03 1.82700000e+03 1.82900000e+03 1.82900000e+03 3.38900000e+03 1.70300000e+03 1.90400000e+03 1.90700000e+03 1.90400000e+03 1.90200000e+03
 1.82300000e+03 1.73900000e+03 1.82900000e+03 1.82300000e+03 1.82900000e+03 1.82900000e+03 3.38300000e+03 1.73100000e+03 1.90000000e+03 1.90600000e+03 1.90400000e+03 1.89000000e+03
 1.82200000e+03 1.74100000e+03 1.83200000e+03 1.81900000e+03 1.82900000e+03 1.82900000e+03 3.38300000e+03 1.70100000e+03 1.90200000e+03 1.90500000e+03 1.90400000e+03 1.89700000e+03
 1.81900000e+03 1.73900000e+03 1.82700000e+03 1.82100000e+03 1.82800000e+03 1.82700000e+03 3.38500000e+03 1.70300000e+03 1.90500000e+03 1.91900000e+03 1.90400000e+03 1.90100000e+03
 1.81500000e+03 1.73900000e+03 1.82700000e+03 1.81900000e+03 1.82800000e+03 1.82900000e+03 3.38900000e+03 1.70100000e+03 1.90400000e+03 1.90400000e+03 1.90400000e+03 1.93100000e+03
 1.81700000e+03 1.74100000e+03 1.83000000e+03 1.82100000e+03 1.82800000e+03 1.82700000e+03 3.38900000e+03 1.70500000e+03 1.90400000e+03 1.90300000e+03 1.90400000e+03 1.90700000e+03
 1.82100000e+03 1.73300000e+03 1.82700000e+03 1.82100000e+03 1.82700000e+03 1.83000000e+03 3.38500000e+03 1.70300000e+03 1.90200000e+03 1.90800000e+03 1.90400000e+03 1.90400000e+03
 1.81900000e+03 1.73900000e+03 1.82900000e+03 1.81900000e+03 1.82700000e+03 1.82800000e+03 3.38500000e+03 1.70300000e+03 1.90600000e+03 1.91000000e+03 1.90400000e+03 1.91000000e+03
 1.81800000e+03 1.73900000e+03 1.83100000e+03 1.82200000e+03 1.82700000e+03 1.83100000e+03 3.38600000e+03 1.73000000e+03 1.90400000e+03 1.90300000e+03 1.90500000e+03 1.91000000e+03
 1.81500000e+03 1.73800000e+03 1.83000000e+03 1.82100000e+03 1.82600000e+03 1.82900000e+03 3.38700000e+03 1.69500000e+03 1.90300000e+03 1.91000000e+03 1.90400000e+03 1.93700000e+03
 1.81800000e+03 1.73900000e+03 1.83200000e+03 1.82100000e+03 1.82900000e+03 1.83100000e+03 3.38700000e+03 1.71000000e+03 1.90300000e+03 1.90400000e+03 1.90500000e+03 1.90500000e+03
 1.82000000e+03 1.73800000e+03 1.83000000e+03 1.82100000e+03 1.82800000e+03 1.83000000e+03 3.38600000e+03 1.75900000e+03 1.90400000e+03 1.90500000e+03 1.90400000e+03 1.90700000e+03
 1.81700000e+03 1.73500000e+03 1.82900000e+03 1.82100000e+03 1.82700000e+03 1.83100000e+03 3.38700000e+03 1.70200000e+03 1.90400000e+03 1.90700000e+03 1.90400000e+03 1.90900000e+03
 1.81700000e+03 1.73900000e+03 1.82800000e+03 1.82100000e+03 1.82600000e+03 1.83000000e+03 3.38300000e+03 1.70500000e+03 1.90400000e+03 1.90700000e+03 1.90400000e+03 1.90700000e+03
 1.81900000e+03 1.73900000e+03 1.83000000e+03 1.82200000e+03 1.82700000e+03 1.83100000e+03 3.38700000e+03 1.70300000e+03 1.90400000e+03 1.90500000e+03 1.90400000e+03 1.90700000e+03
 1.82000000e+03 1.73900000e+03 1.82900000e+03 1.82100000e+03 1.82700000e+03 1.83000000e+03 3.38800000e+03 1.70600000e+03 1.90400000e+03 1.90700000e+03 1.90400000e+03 1.90700000e+03
 1.81800000e+03 1.73800000e+03 1.83000000e+03 1.82000000e+03 1.82900000e+03 1.83100000e+03 3.38900000e+03 1.70200000e+03 1.90400000e+03 1.90600000e+03 1.90400000e+03 1.90700000e+03
 1.81500000e+03 1.73900000e+03 1.83100000e+03 1.82200000e+03 1.82700000e+03 1.82900000e+03 3.38700000e+03 1.70300000e+03 1.90400000e+03 1.90600000e+03 1.90400000e+03 1.90900000e+03
 1.81900000e+03 1.73700000e+03 1.83000000e+03 1.82200000e+03 1.83000000e+03 1.83100000e+03 3.38600000e+03 1.70600000e+03 1.90300000e+03 1.90400000e+03 1.90400000e+03 1.90800000e+03
 1.81900000e+03 1.73700000e+03 1.83100000e+03 1.82100000e+03 1.82700000e+03 1.82700000e+03 3.38700000e+03 1.70200000e+03 1.90400000e+03 1.90400000e+03 1.90400000e+03 1.90700000e+03
 1.81800000e+03 1.73900000e+03 1.83000000e+03 1.82100000e+03 1.83100000e+03 1.83000000e+03 3.38200000e+03 1.70200000e+03 1.90400000e+03 1.90400000e+03 1.90400000e+03 1.90700000e+03
 1.81700000e+03 1.73800000e+03 1.82800000e+03 1.82300000e+03 1.83000000e+03 1.82900000e+03 3.38700000e+03 1.70300000e+03 1.90400000e+03 1.90500000e+03 1.90500000e+03 1.90600000e+03
 1.81700000e+03 1.73800000e+03 1.83100000e+03 1.82000000e+03 1.82700000e+03 1.82900000e+03 3.38600000e+03 1.70200000e+03 1.90300000e+03 1.90400000e+03 1.90400000e+03 1.90700000e+03
 1.81700000e+03 1.73700000e+03 1.82700000e+03 1.82100000e+03 1.82900000e+03 1.83000000e+03 3.38600000e+03 1.70300000e+03 1.90400000e+03 1.90500000e+03 1.90400000e+03 1.90600000e+03
 1.81700000e+03 1.74100000e+03 1.83000000e+03 1.82200000e+03 1.82600000e+03 1.83100000e+03 3.38500000e+03 1.70300000e+03 1.90400000e+03 1.90400000e+03 1.90400000e+03 1.90900000e+03
 1.81900000e+03 1.73900000e+03 1.83200000e+03 1.82100000e+03 1.82700000e+03 1.82800000e+03 3.38300000e+03 1.70500000e+03 1.90400000e+03 1.90700000e+03 1.90400000e+03 1.90700000e+03
 1.81700000e+03 1.73800000e+03 1.83300000e+03 1.82100000e+03 1.82600000e+03 1.83000000e+03 3.38700000e+03 1.70300000e+03 1.90400000e+03 1.90400000e+03 1.90500000e+03 1.90700000e+03
 1.81800000e+03 1.73900000e+03 1.82900000e+03 1.82200000e+03 1.82600000e+03 1.82700000e+03 3.38700000e+03 1.70200000e+03 1.90300000e+03 1.90400000e+03 1.90400000e+03 1.90600000e+03
 1.81800000e+03 1.73700000e+03 1.82900000e+03 1.81900000e+03 1.82700000e+03 1.82900000e+03 3.38700000e+03 1.69800000e+03 1.90400000e+03 1.90500000e+03 1.90500000e+03 1.90700000e+03
 1.81700000e+03 1.73800000e+03 1.83000000e+03 1.82100000e+03 1.82700000e+03 1.82900000e+03 3.38300000e+03 1.70600000e+03 1.90400000e+03 1.90500000e+03 1.90400000e+03 1.90600000e+03
 1.81700000e+03 1.73900000e+03 1.82900000e+03 1.82100000e+03 1.82800000e+03 1.82800000e+03 3.38800000e+03 1.70300000e+03 1.90400000e+03 1.90500000e+03 1.90400000e+03 1.90700000e+03
 1.81900000e+03 1.73900000e+03 1.82700000e+03 1.82300000e+03 1.82700000e+03 1.83100000e+03 3.38600000e+03 1.70500000e+03 1.90400000e+03 1.90600000e+03 1.90600000e+03 1.90700000e+03
 1.81900000e+03 1.73900000e+03 1.83100000e+03 1.82200000e+03 1.82700000e+03 1.82700000e+03 3.38300000e+03 1.70200000e+03 1.90400000e+03 1.90500000e+03 1.90500000e+03 1.90700000e+03
 1.81900000e+03 1.73900000e+03 1.83000000e+03 1.82100000e+03 1.82700000e+03 1.82900000e+03 3.38700000e+03 1.70200000e+03 1.90400000e+03 1.90400000e+03 1.90400000e+03 1.90700000e+03
 1.81900000e+03 1.73900000e+03 1.82900000e+03 1.82100000e+03 1.82700000e+03 1.83000000e+03 3.38600000e+03 1.70300000e+03 1.90400000e+03 1.90500000e+03 1.90400000e+03 1.90700000e+03
 1.81500000e+03 1.73700000e+03 1.82800000e+03 1.82200000e+03 1.82700000e+03 1.82900000e+03 3.38300000e+03 1.70100000e+03 1.90400000e+03 1.90400000e+03 1.90500000e+03 1.90900000e+03
 1.81900000e+03 1.73900000e+03 1.83000000e+03 1.82100000e+03 1.82700000e+03 1.82900000e+03 3.38700000e+03 1.70300000e+03 1.90400000e+03 1.90400000e+03 1.90500000e+03 1.90600000e+03
 1.82000000e+03 1.73800000e+03 1.83000000e+03 1.81900000e+03 1.82500000e+03 1.83000000e+03 3.39000000e+03 1.70700000e+03 1.90400000e+03 1.90600000e+03 1.90400000e+03 1.90700000e+03
 1.81800000e+03 1.73900000e+03 1.82700000e+03 1.82400000e+03 1.82700000e+03 1.82900000e+03 3.38500000e+03 1.70300000e+03 1.90400000e+03 1.90600000e+03 1.90400000e+03 1.90900000e+03
 1.81800000e+03 1.73900000e+03 1.83100000e+03 1.82100000e+03 1.82700000e+03 1.83000000e+03 3.38100000e+03 1.70200000e+03 1.90200000e+03 1.90400000e+03 1.90400000e+03 1.90600000e+03
 1.82100000e+03 1.73900000e+03 1.83000000e+03 1.81900000e+03 1.82800000e+03 1.83100000e+03 3.38700000e+03 1.70300000e+03 1.90400000e+03 1.90600000e+03 1.90500000e+03 1.90700000e+03
 1.81400000e+03 1.73800000e+03 1.83100000e+03 1.82100000e+03 1.82700000e+03 1.82900000e+03 3.38800000e+03 1.70200000e+03 1.90400000e+03 1.90600000e+03 1.90400000e+03 1.90700000e+03
 1.81700000e+03 1.74400000e+03 1.83000000e+03 1.81900000e+03 1.82800000e+03 1.82900000e+03 3.38900000e+03 1.70500000e+03 1.90400000e+03 1.90600000e+03 1.90400000e+03 1.90800000e+03
 1.82000000e+03 1.73800000e+03 1.82700000e+03 1.81900000e+03 1.82700000e+03 1.82700000e+03 3.38700000e+03 1.70600000e+03 1.90400000e+03 1.90600000e+03 1.90400000e+03 1.90900000e+03
 1.81800000e+03 1.73900000e+03 1.82700000e+03 1.82100000e+03 1.82600000e+03 1.82700000e+03 3.38600000e+03 1.70300000e+03 1.90400000e+03 1.90400000e+03 1.90500000e+03 1.58400000e+03
 1.81900000e+03 1.73800000e+03 1.83300000e+03 1.82100000e+03 1.82900000e+03 1.83000000e+03 3.38300000e+03 1.70300000e+03 1.92700000e+03 1.90500000e+03 1.90400000e+03 2.20600000e+03
 1.81300000e+03 1.73800000e+03 1.83300000e+03 1.81500000e+03 1.82600000e+03 1.83000000e+03 3.38500000e+03 1.70500000e+03 1.86800000e+03 1.90500000e+03 1.90400000e+03 1.84000000e+03
 1.89000000e+03 1.73800000e+03 1.82800000e+03 1.80800000e+03 1.82600000e+03 1.82900000e+03 3.38700000e+03 1.70400000e+03 1.94100000e+03 1.90400000e+03 1.90400000e+03 1.88300000e+03
 1.83900000e+03 1.73900000e+03 1.83100000e+03 1.82300000e+03 1.82800000e+03 1.82800000e+03 3.37900000e+03 1.70300000e+03 1.94000000e+03 1.90400000e+03 1.90400000e+03 1.88900000e+03
 1.78900000e+03 1.73900000e+03 1.82900000e+03 1.83500000e+03 1.83100000e+03 1.83000000e+03 3.38900000e+03 1.70500000e+03 1.89300000e+03 1.90400000e+03 1.90500000e+03 1.89100000e+03
 1.79200000e+03 1.73900000e+03 1.83100000e+03 1.82100000e+03 1.82600000e+03 1.82900000e+03 3.38500000e+03 1.70300000e+03 1.88900000e+03 1.90500000e+03 1.90400000e+03 1.92000000e+03
 1.82300000e+03 1.73900000e+03 1.83100000e+03 1.81100000e+03 1.82900000e+03 1.83000000e+03 3.38400000e+03 1.70200000e+03 1.89900000e+03 1.90400000e+03 1.90400000e+03 1.88700000e+03
 1.82500000e+03 1.74000000e+03 1.83100000e+03 1.81900000e+03 1.82700000e+03 1.83100000e+03 3.38500000e+03 1.70200000e+03 1.92600000e+03 1.90500000e+03 1.90400000e+03 1.90900000e+03
 1.80200000e+03 1.73900000e+03 1.83000000e+03 1.83300000e+03 1.82600000e+03 1.83300000e+03 3.38600000e+03 1.70300000e+03 1.90500000e+03 1.90800000e+03 1.90500000e+03 1.91500000e+03
 1.81000000e+03 1.73900000e+03 1.83300000e+03 1.82700000e+03 1.82700000e+03 1.83000000e+03 3.38300000e+03 1.70200000e+03 1.88700000e+03 1.90500000e+03 1.90400000e+03 1.89900000e+03
 1.82000000e+03 1.73800000e+03 1.83100000e+03 1.81100000e+03 1.82600000e+03 1.82900000e+03 3.38600000e+03 1.70300000e+03 1.89800000e+03 1.90400000e+03 1.90400000e+03 1.90200000e+03
 1.81900000e+03 1.73800000e+03 1.82900000e+03 1.81100000e+03 1.82900000e+03 1.82800000e+03 3.38700000e+03 1.70100000e+03 1.91100000e+03 1.90500000e+03 1.90500000e+03 1.90000000e+03
 1.80900000e+03 1.73800000e+03 1.82600000e+03 1.82300000e+03 1.82600000e+03 1.82900000e+03 3.38600000e+03 1.70200000e+03 1.91100000e+03 1.90700000e+03 1.90400000e+03 1.91900000e+03
 1.80900000e+03 1.73900000e+03 1.82900000e+03 1.83000000e+03 1.82700000e+03 1.82900000e+03 3.38600000e+03 1.70100000e+03 1.90000000e+03 1.90600000e+03 1.90400000e+03 1.91700000e+03
 1.82500000e+03 1.74100000e+03 1.83100000e+03 1.82200000e+03 1.82700000e+03 1.83300000e+03 3.38700000e+03 1.70600000e+03 1.89500000e+03 1.90500000e+03 1.90400000e+03 1.90200000e+03
 1.82300000e+03 1.73800000e+03 1.82900000e+03 1.81400000e+03 1.82700000e+03 1.83000000e+03 3.38300000e+03 1.70200000e+03 1.90400000e+03 1.90500000e+03 1.90400000e+03 1.90200000e+03
 1.81300000e+03 1.73800000e+03 1.83000000e+03 1.81900000e+03 1.82700000e+03 1.83000000e+03 3.38600000e+03 1.70300000e+03 1.91000000e+03 1.90600000e+03 1.90400000e+03 1.90400000e+03
 1.80800000e+03 1.73700000e+03 1.83300000e+03 1.82500000e+03 1.82600000e+03 1.83100000e+03 3.38600000e+03 1.70300000e+03 1.90500000e+03 1.90500000e+03 1.90400000e+03 1.91700000e+03
 1.81700000e+03 1.73700000e+03 1.83100000e+03 1.82500000e+03 1.82700000e+03 1.82900000e+03 3.38600000e+03 1.70300000e+03 1.90100000e+03 1.90500000e+03 1.90400000e+03 1.91400000e+03
 1.82600000e+03 1.73700000e+03 1.82600000e+03 1.82100000e+03 1.82700000e+03 1.83100000e+03 3.38500000e+03 1.70200000e+03 1.90200000e+03 1.90500000e+03 1.90400000e+03 1.90300000e+03
 1.81900000e+03 1.73800000e+03 1.83000000e+03 1.81500000e+03 1.82800000e+03 1.82900000e+03 3.38700000e+03 1.70600000e+03 1.90500000e+03 1.90700000e+03 1.90400000e+03 1.90600000e+03
 1.81600000e+03 1.73800000e+03 1.82900000e+03 1.82300000e+03 1.82900000e+03 1.82900000e+03 3.38700000e+03 1.70300000e+03 1.90700000e+03 1.90500000e+03 1.90400000e+03 1.90700000e+03
 1.81300000e+03 1.73800000e+03 1.82900000e+03 1.82500000e+03 1.82700000e+03 1.83000000e+03 3.38700000e+03 1.70300000e+03 1.90300000e+03 1.90600000e+03 1.90400000e+03 1.91100000e+03
 1.81800000e+03 1.73800000e+03 1.82800000e+03 1.82300000e+03 1.82600000e+03 1.83000000e+03 3.38300000e+03 1.69900000e+03 1.90200000e+03 1.90500000e+03 1.90400000e+03 1.90700000e+03
 1.82100000e+03 1.73700000e+03 1.83100000e+03 1.81900000e+03 1.83000000e+03 1.83100000e+03 3.38300000e+03 1.70700000e+03 1.90400000e+03 1.90500000e+03 1.90600000e+03 1.90400000e+03
 1.81400000e+03 1.73800000e+03 1.82700000e+03 1.81900000e+03 1.82700000e+03 1.83400000e+03 3.38700000e+03 1.70500000e+03 1.90600000e+03 1.90400000e+03 1.90400000e+03 1.91100000e+03
 1.81300000e+03 1.73800000e+03 1.82700000e+03 1.82200000e+03 1.82700000e+03 1.82900000e+03 3.38300000e+03 1.70200000e+03 1.90400000e+03 1.90500000e+03 1.90400000e+03 1.91100000e+03
 1.81400000e+03 1.73900000e+03 1.83000000e+03 1.82200000e+03 1.82600000e+03 1.82900000e+03 3.38300000e+03 1.70400000e+03 1.90200000e+03 1.90500000e+03 1.90400000e+03 1.90800000e+03
 1.82200000e+03 1.73800000e+03 1.83100000e+03 1.82200000e+03 1.82700000e+03 1.83000000e+03 3.38600000e+03 1.70400000e+03 1.90300000e+03 1.90500000e+03 1.90400000e+03 1.90600000e+03
 1.81800000e+03 1.73900000e+03 1.82700000e+03 1.81900000e+03 1.82900000e+03 1.83000000e+03 3.38600000e+03 1.70500000e+03 1.90600000e+03 1.90400000e+03 1.90400000e+03 1.90600000e+03
 1.81500000e+03 1.74100000e+03 1.83000000e+03 1.82100000e+03 1.82800000e+03 1.82900000e+03 3.38600000e+03 1.70300000e+03 1.90400000e+03 1.90500000e+03 1.90400000e+03 1.90900000e+03
 1.81700000e+03 1.73500000e+03 1.83000000e+03 1.82100000e+03 1.82600000e+03 1.82900000e+03 3.38500000e+03 1.70300000e+03 1.90400000e+03 1.90500000e+03 1.90400000e+03 1.90900000e+03
 1.81800000e+03 1.74100000e+03 1.83300000e+03 1.82300000e+03 1.83000000e+03 1.83000000e+03 3.37900000e+03 1.70300000e+03 1.90300000e+03 1.90600000e+03 1.90400000e+03 1.90600000e+03
 1.81500000e+03 1.73900000e+03 1.83000000e+03 1.81800000e+03 1.82400000e+03 1.82900000e+03 3.38300000e+03 1.70200000e+03 1.90300000e+03 1.90500000e+03 1.90400000e+03 1.90600000e+03
 1.81500000e+03 1.74000000e+03 1.82900000e+03 1.82200000e+03 1.82700000e+03 1.83000000e+03 3.38500000e+03 1.70200000e+03 1.90400000e+03 1.90500000e+03 1.90400000e+03 1.90600000e+03
 1.81500000e+03 1.74000000e+03 1.82700000e+03 1.82100000e+03 1.82600000e+03 1.83000000e+03 3.38500000e+03 1.70300000e+03 1.90300000e+03 1.90400000e+03 1.90400000e+03 1.90700000e+03
 1.81500000e+03 1.73800000e+03 1.82900000e+03 1.82100000e+03 1.82800000e+03 1.83000000e+03 3.38600000e+03 1.70300000e+03 1.90300000e+03 1.90500000e+03 1.90400000e+03 1.90700000e+03
 1.81800000e+03 1.73900000e+03 1.82900000e+03 1.82000000e+03 1.82700000e+03 1.82900000e+03 3.38500000e+03 1.70500000e+03 1.90300000e+03 1.90500000e+03 1.90300000e+03 1.90700000e+03
 1.81900000e+03 1.73900000e+03 1.82900000e+03 1.81800000e+03 1.82600000e+03 1.82700000e+03 3.38500000e+03 1.70100000e+03 1.90400000e+03 1.90500000e+03 1.90400000e+03 1.90700000e+03
 1.81700000e+03 1.73700000e+03 1.83100000e+03 1.82300000e+03 1.82700000e+03 1.83100000e+03 3.38500000e+03 1.70200000e+03 1.90500000e+03 1.90400000e+03 1.90400000e+03 1.90700000e+03
 1.81500000e+03 1.73300000e+03 1.83000000e+03 1.82000000e+03 1.82600000e+03 1.82800000e+03 3.38500000e+03 1.70200000e+03 1.90400000e+03 1.90400000e+03 1.90400000e+03 1.90600000e+03
 1.81700000e+03 1.73900000e+03 1.82900000e+03 1.82100000e+03 1.82600000e+03 1.82900000e+03 3.38700000e+03 1.70300000e+03 1.90300000e+03 1.90500000e+03 1.90400000e+03 1.90700000e+03
 1.81800000e+03 1.73700000e+03 1.83100000e+03 1.82200000e+03 1.82700000e+03 1.82900000e+03 3.38300000e+03 1.70300000e+03 1.90400000e+03 1.90400000e+03 1.90400000e+03 1.90500000e+03
 1.81300000e+03 1.73900000e+03 1.82900000e+03 1.82100000e+03 1.82900000e+03 1.83000000e+03 3.38900000e+03 1.70100000e+03 1.90400000e+03 1.90500000e+03 1.90400000e+03 1.90600000e+03
 1.81800000e+03 1.73800000e+03 1.82900000e+03 1.82200000e+03 1.82700000e+03 1.82900000e+03 3.38600000e+03 1.70300000e+03 1.90400000e+03 1.90500000e+03 1.90400000e+03 1.90500000e+03
 1.81800000e+03 1.74100000e+03 1.82700000e+03 1.82200000e+03 1.82900000e+03 1.83000000e+03 3.38300000e+03 1.70100000e+03 1.90300000e+03 1.90400000e+03 1.90400000e+03 1.90700000e+03
 1.81800000e+03 1.73500000e+03 1.83300000e+03 1.82300000e+03 1.82700000e+03 1.82900000e+03 3.38700000e+03 1.70300000e+03 1.90400000e+03 1.90500000e+03 1.90400000e+03 1.90500000e+03
 1.81700000e+03 1.73900000e+03 1.82900000e+03 1.82000000e+03 1.83000000e+03 1.82800000e+03 3.38700000e+03 1.70200000e+03 1.90400000e+03 1.90500000e+03 1.90400000e+03 1.90700000e+03
 1.81800000e+03 1.74100000e+03 1.82900000e+03 1.82000000e+03 1.82600000e+03 1.82900000e+03 3.38600000e+03 1.70300000e+03 1.90400000e+03 1.90400000e+03 1.90400000e+03 1.90500000e+03
 1.81700000e+03 1.73800000e+03 1.82800000e+03 1.82100000e+03 1.82700000e+03 1.82700000e+03 3.38300000e+03 1.70100000e+03 1.90400000e+03 1.90400000e+03 1.90400000e+03 1.90600000e+03
 1.81700000e+03 1.73900000e+03 1.82700000e+03 1.82400000e+03 1.82900000e+03 1.83000000e+03 3.38500000e+03 1.70600000e+03 1.90400000e+03 1.90600000e+03 1.90500000e+03 1.90700000e+03
 1.81700000e+03 1.73900000e+03 1.83100000e+03 1.82200000e+03 1.82700000e+03 1.83000000e+03 3.38600000e+03 1.70300000e+03 1.90300000e+03 1.90700000e+03 1.90400000e+03 1.90800000e+03
 1.81800000e+03 1.73900000e+03 1.83100000e+03 1.82100000e+03 1.82600000e+03 1.82900000e+03 3.38700000e+03 1.70300000e+03 1.90400000e+03 1.90500000e+03 1.90400000e+03 1.90600000e+03
 1.81700000e+03 1.74100000e+03 1.83100000e+03 1.82100000e+03 1.82700000e+03 1.83100000e+03 3.38700000e+03 1.70300000e+03 1.90400000e+03 1.90500000e+03 1.90400000e+03 1.90700000e+03
 1.81800000e+03 1.73700000e+03 1.83000000e+03 1.82100000e+03 1.82800000e+03 1.82700000e+03 3.38300000e+03 1.70500000e+03 1.90400000e+03 1.90600000e+03 1.90400000e+03 1.90700000e+03
 1.81800000e+03 1.73900000e+03 1.82700000e+03 1.82100000e+03 1.82700000e+03 1.83000000e+03 3.38500000e+03 1.70300000e+03 1.90400000e+03 1.90400000e+03 1.90400000e+03 1.90700000e+03
 1.81500000e+03 1.73900000e+03 1.82700000e+03 1.81900000e+03 1.82700000e+03 1.83000000e+03 3.38600000e+03 1.70300000e+03 1.90400000e+03 1.90400000e+03 1.90400000e+03 1.90600000e+03
 1.81900000e+03 1.73900000e+03 1.83100000e+03 1.82300000e+03 1.82900000e+03 1.83000000e+03 3.38700000e+03 1.70200000e+03 1.90400000e+03 1.90600000e+03 1.90400000e+03 1.90700000e+03
 1.81500000e+03 1.74100000e+03 1.82900000e+03 1.82100000e+03 1.82800000e+03 1.83100000e+03 3.38600000e+03 1.70500000e+03 1.90300000e+03 1.90700000e+03 1.90500000e+03 1.90700000e+03
 1.81900000e+03 1.73900000e+03 1.82800000e+03 1.82100000e+03 1.82800000e+03 1.83100000e+03 3.39000000e+03 1.70300000e+03 1.90400000e+03 1.90500000e+03 1.90400000e+03 1.90900000e+03
 1.81500000e+03 1.73900000e+03 1.83000000e+03 1.82100000e+03 1.82600000e+03 1.82900000e+03 3.38900000e+03 1.70600000e+03 1.90400000e+03 1.90400000e+03 1.90400000e+03 1.90700000e+03
 1.81700000e+03 1.73800000e+03 1.82900000e+03 1.82300000e+03 1.82600000e+03 1.82900000e+03 3.38700000e+03 1.70500000e+03 1.90400000e+03 1.90700000e+03 1.90400000e+03 1.90700000e+03
 1.81700000e+03 1.74000000e+03 1.83100000e+03 1.81800000e+03 1.82600000e+03 1.83000000e+03 3.38800000e+03 1.70500000e+03 1.90300000e+03 1.90400000e+03 1.90400000e+03 1.91000000e+03
 1.81900000e+03 1.73700000e+03 1.83000000e+03 1.82200000e+03 1.82800000e+03 1.83000000e+03 3.38200000e+03 1.70200000e+03 1.90300000e+03 1.90600000e+03 1.90400000e+03 1.90900000e+03
 1.81900000e+03 1.73700000e+03 1.83100000e+03 1.82200000e+03 1.82900000e+03 1.83000000e+03 3.38300000e+03 1.70300000e+03 1.90400000e+03 1.90400000e+03 1.90400000e+03 1.90700000e+03
 1.81700000e+03 1.73900000e+03 1.83000000e+03 1.82200000e+03 1.82600000e+03 1.82900000e+03 3.38100000e+03 1.70100000e+03 1.90400000e+03 1.90700000e+03 1.90500000e+03 1.53200000e+03
 1.81900000e+03 1.73800000e+03 1.83300000e+03 1.82300000e+03 1.82600000e+03 1.82900000e+03 3.38600000e+03 1.70400000e+03 1.92600000e+03 1.90500000e+03 1.90400000e+03 2.26000000e+03
 1.84600000e+03 1.73900000e+03 1.82700000e+03 1.81300000e+03 1.82400000e+03 1.83100000e+03 3.38100000e+03 1.70200000e+03 1.82700000e+03 1.90500000e+03 1.90600000e+03 1.81200000e+03
 1.87400000e+03 1.73800000e+03 1.83000000e+03 1.80900000e+03 1.82700000e+03 1.83000000e+03 3.38700000e+03 1.70200000e+03 1.95900000e+03 1.90400000e+03 1.90400000e+03 1.91100000e+03
 1.82700000e+03 1.73700000e+03 1.83000000e+03 1.83000000e+03 1.82800000e+03 1.82900000e+03 3.38600000e+03 1.70200000e+03 1.92300000e+03 1.90500000e+03 1.90400000e+03 1.88500000e+03
 1.79800000e+03 1.73800000e+03 1.82700000e+03 1.83700000e+03 1.82700000e+03 1.83100000e+03 3.38300000e+03 1.70300000e+03 1.90100000e+03 1.90600000e+03 1.90400000e+03 1.90300000e+03
 1.81400000e+03 1.74200000e+03 1.83000000e+03 1.81100000e+03 1.82800000e+03 1.82900000e+03 3.38700000e+03 1.70300000e+03 1.87800000e+03 1.90500000e+03 1.90500000e+03 1.89900000e+03
 1.82300000e+03 1.73900000e+03 1.82900000e+03 1.80800000e+03 1.82500000e+03 1.83000000e+03 3.38300000e+03 1.70200000e+03 1.91700000e+03 1.90400000e+03 1.90400000e+03 1.87300000e+03
 1.81200000e+03 1.73600000e+03 1.82900000e+03 1.82200000e+03 1.82800000e+03 1.82900000e+03 3.38900000e+03 1.70200000e+03 1.93700000e+03 1.90700000e+03 1.90600000e+03 1.93300000e+03
 1.79700000e+03 1.73800000e+03 1.83100000e+03 1.83500000e+03 1.82800000e+03 1.83100000e+03 3.38700000e+03 1.70300000e+03 1.90300000e+03 1.90800000e+03 1.90400000e+03 1.92600000e+03
 1.81800000e+03 1.73700000e+03 1.82900000e+03 1.82800000e+03 1.82600000e+03 1.82700000e+03 3.38600000e+03 1.70100000e+03 1.88100000e+03 1.90400000e+03 1.90400000e+03 1.89900000e+03
 1.82700000e+03 1.74200000e+03 1.83000000e+03 1.80900000e+03 1.82700000e+03 1.82800000e+03 3.38600000e+03 1.70300000e+03 1.90000000e+03 1.90700000e+03 1.90400000e+03 1.88700000e+03
 1.81800000e+03 1.74000000e+03 1.83000000e+03 1.81300000e+03 1.82700000e+03 1.83400000e+03 3.38600000e+03 1.70500000e+03 1.91900000e+03 1.90600000e+03 1.90400000e+03 1.89900000e+03
 1.80300000e+03 1.73800000e+03 1.83100000e+03 1.82500000e+03 1.82700000e+03 1.83100000e+03 3.38200000e+03 1.70500000e+03 1.91500000e+03 1.90400000e+03 1.90500000e+03 1.93300000e+03
 1.81000000e+03 1.73900000e+03 1.82900000e+03 1.82900000e+03 1.82700000e+03 1.82600000e+03 3.38300000e+03 1.70400000e+03 1.89700000e+03 1.90500000e+03 1.90400000e+03 1.92100000e+03
 1.82900000e+03 1.73700000e+03 1.82900000e+03 1.82000000e+03 1.82600000e+03 1.82800000e+03 3.38700000e+03 1.70500000e+03 1.89700000e+03 1.90600000e+03 1.90400000e+03 1.90200000e+03
 1.82600000e+03 1.74200000e+03 1.83100000e+03 1.81300000e+03 1.82600000e+03 1.83100000e+03 3.39000000e+03 1.70300000e+03 1.90900000e+03 1.90500000e+03 1.90400000e+03 1.89800000e+03
 1.81000000e+03 1.73900000e+03 1.82900000e+03 1.82100000e+03 1.82800000e+03 1.83000000e+03 3.38500000e+03 1.70200000e+03 1.91300000e+03 1.90500000e+03 1.90500000e+03 1.90700000e+03
 1.80800000e+03 1.74100000e+03 1.82900000e+03 1.82500000e+03 1.82600000e+03 1.82900000e+03 3.38300000e+03 1.70300000e+03 1.90400000e+03 1.90400000e+03 1.90400000e+03 1.92000000e+03
 1.81900000e+03 1.73900000e+03 1.82900000e+03 1.82300000e+03 1.82900000e+03 1.83000000e+03 3.38300000e+03 1.70300000e+03 1.90100000e+03 1.90500000e+03 1.90400000e+03 1.91600000e+03
 1.82500000e+03 1.73900000e+03 1.82600000e+03 1.81900000e+03 1.82900000e+03 1.83000000e+03 3.38700000e+03 1.70100000e+03 1.90400000e+03 1.90400000e+03 1.90400000e+03 1.90300000e+03
 1.81800000e+03 1.74000000e+03 1.83000000e+03 1.81800000e+03 1.82700000e+03 1.82900000e+03 3.38300000e+03 1.70100000e+03 1.91000000e+03 1.90500000e+03 1.90400000e+03 1.90400000e+03
 1.81300000e+03 1.73900000e+03 1.83000000e+03 1.82500000e+03 1.82600000e+03 1.82900000e+03 3.38300000e+03 1.70500000e+03 1.90700000e+03 1.90500000e+03 1.90400000e+03 1.91400000e+03
 1.81400000e+03 1.73700000e+03 1.83100000e+03 1.82300000e+03 1.82600000e+03 1.83100000e+03 3.38900000e+03 1.70100000e+03 1.90400000e+03 1.90400000e+03 1.90400000e+03 1.91400000e+03
 1.82400000e+03 1.74100000e+03 1.83100000e+03 1.82300000e+03 1.83000000e+03 1.83100000e+03 3.38700000e+03 1.70600000e+03 1.90100000e+03 1.90600000e+03 1.90400000e+03 1.90700000e+03
 1.82300000e+03 1.73900000e+03 1.83000000e+03 1.81900000e+03 1.82900000e+03 1.82800000e+03 3.38700000e+03 1.70300000e+03 1.90400000e+03 1.90600000e+03 1.90500000e+03 1.90500000e+03
 1.81500000e+03 1.73900000e+03 1.83100000e+03 1.82100000e+03 1.82700000e+03 1.83300000e+03 3.38800000e+03 1.70300000e+03 1.90400000e+03 1.90400000e+03 1.90500000e+03 1.91000000e+03
 1.81300000e+03 1.73800000e+03 1.83000000e+03 1.82400000e+03 1.82700000e+03 1.83000000e+03 3.38500000e+03 1.70300000e+03 1.90400000e+03 1.90700000e+03 1.90400000e+03 1.91100000e+03
 1.81500000e+03 1.73500000e+03 1.82800000e+03 1.82100000e+03 1.82600000e+03 1.82900000e+03 3.38900000e+03 1.70500000e+03 1.90100000e+03 1.90600000e+03 1.90400000e+03 1.90700000e+03
 1.82200000e+03 1.73900000e+03 1.83000000e+03 1.82100000e+03 1.82700000e+03 1.83000000e+03 3.38700000e+03 1.70500000e+03 1.90400000e+03 1.90700000e+03 1.90400000e+03 1.90400000e+03
 1.81500000e+03 1.73700000e+03 1.83000000e+03 1.82100000e+03 1.83000000e+03 1.83100000e+03 3.38300000e+03 1.70300000e+03 1.90400000e+03 1.90500000e+03 1.90400000e+03 1.90600000e+03
 1.81500000e+03 1.73800000e+03 1.83000000e+03 1.81900000e+03 1.82800000e+03 1.83000000e+03 3.38700000e+03 1.70200000e+03 1.90400000e+03 1.90500000e+03 1.90400000e+03 1.90900000e+03
 1.81800000e+03 1.74100000e+03 1.82700000e+03 1.82300000e+03 1.82800000e+03 1.82900000e+03 3.38800000e+03 1.70600000e+03 1.90400000e+03 1.90600000e+03 1.90400000e+03 1.90700000e+03
 1.82100000e+03 1.73900000e+03 1.83300000e+03 1.81900000e+03 1.83000000e+03 1.82900000e+03 3.38600000e+03 1.70200000e+03 1.90400000e+03 1.90700000e+03 1.90600000e+03 1.90700000e+03
 1.81700000e+03 1.73900000e+03 1.83400000e+03 1.82100000e+03 1.82600000e+03 1.83000000e+03 3.38500000e+03 1.70300000e+03 1.90400000e+03 1.90500000e+03 1.90400000e+03 1.90500000e+03
 1.81600000e+03 1.73800000e+03 1.83000000e+03 1.82100000e+03 1.82700000e+03 1.83100000e+03 3.38800000e+03 1.70500000e+03 1.90500000e+03 1.90600000e+03 1.90400000e+03 1.90900000e+03
 1.81500000e+03 1.74100000e+03 1.82900000e+03 1.81900000e+03 1.82900000e+03 1.82900000e+03 3.38700000e+03 1.70300000e+03 1.90400000e+03 1.90500000e+03 1.90400000e+03 1.90700000e+03
 1.82300000e+03 1.73800000e+03 1.82900000e+03 1.82200000e+03 1.82400000e+03 1.82700000e+03 3.38700000e+03 1.70600000e+03 1.90400000e+03 1.90500000e+03 1.90400000e+03 1.90600000e+03
 1.81900000e+03 1.73800000e+03 1.82700000e+03 1.82300000e+03 1.82800000e+03 1.83000000e+03 3.38300000e+03 1.70500000e+03 1.90400000e+03 1.90400000e+03 1.90400000e+03 1.90900000e+03
 1.83000000e+03 1.73700000e+03 1.83000000e+03 1.81900000e+03 1.82500000e+03 1.82900000e+03 3.38700000e+03 1.70300000e+03 1.90400000e+03 1.90400000e+03 1.90400000e+03 1.90600000e+03
 1.82100000e+03 1.73800000e+03 1.82900000e+03 1.82000000e+03 1.82700000e+03 1.82900000e+03 3.38600000e+03 1.70300000e+03 1.90400000e+03 1.90500000e+03 1.90400000e+03 1.90700000e+03
 1.81800000e+03 1.73900000e+03 1.82700000e+03 1.82100000e+03 1.82800000e+03 1.83000000e+03 3.38600000e+03 1.70400000e+03 1.90400000e+03 1.90400000e+03 1.90400000e+03 1.90800000e+03
 1.81700000e+03 1.73800000e+03 1.83000000e+03 1.82300000e+03 1.82900000e+03 1.82900000e+03 3.38500000e+03 1.70500000e+03 1.90400000e+03 1.90500000e+03 1.90400000e+03 1.90600000e+03
 1.81900000e+03 1.73800000e+03 1.82900000e+03 1.82200000e+03 1.82500000e+03 1.83400000e+03 3.38500000e+03 1.70300000e+03 1.90400000e+03 1.90500000e+03 1.90400000e+03 1.90700000e+03
 1.81900000e+03 1.73900000e+03 1.83000000e+03 1.82200000e+03 1.82900000e+03 1.82900000e+03 3.38300000e+03 1.70900000e+03 1.90400000e+03 1.90600000e+03 1.90400000e+03 1.90800000e+03
 1.81700000e+03 1.73900000e+03 1.82900000e+03 1.82100000e+03 1.82800000e+03 1.83100000e+03 3.38700000e+03 1.70500000e+03 1.90400000e+03 1.90500000e+03 1.90400000e+03 1.90900000e+03
 1.81800000e+03 1.74000000e+03 1.82700000e+03 1.81900000e+03 1.82800000e+03 1.82900000e+03 3.38500000e+03 1.70600000e+03 1.90300000e+03 1.90400000e+03 1.90400000e+03 1.90900000e+03
 1.81800000e+03 1.73900000e+03 1.83000000e+03 1.82200000e+03 1.82600000e+03 1.83000000e+03 3.38700000e+03 1.70700000e+03 1.90400000e+03 1.90400000e+03 1.90500000e+03 1.90700000e+03
 1.81700000e+03 1.73800000e+03 1.83000000e+03 1.82100000e+03 1.82800000e+03 1.82900000e+03 3.38600000e+03 1.70100000e+03 1.90300000e+03 1.90500000e+03 1.90400000e+03 1.90600000e+03
 1.81900000e+03 1.73700000e+03 1.82700000e+03 1.82300000e+03 1.82900000e+03 1.82900000e+03 3.38600000e+03 1.70500000e+03 1.90400000e+03 1.90800000e+03 1.90400000e+03 1.90600000e+03
 1.81700000e+03 1.73800000e+03 1.83100000e+03 1.82100000e+03 1.83000000e+03 1.82800000e+03 3.38300000e+03 1.70700000e+03 1.90400000e+03 1.90400000e+03 1.90400000e+03 1.90600000e+03
 1.81800000e+03 1.73700000e+03 1.83100000e+03 1.82300000e+03 1.82900000e+03 1.83100000e+03 3.38600000e+03 1.70200000e+03 1.90300000e+03 1.90400000e+03 1.90500000e+03 1.90700000e+03
 1.81900000e+03 1.73900000e+03 1.82800000e+03 1.82000000e+03 1.82700000e+03 1.83400000e+03 3.38700000e+03 1.70400000e+03 1.90400000e+03 1.90400000e+03 1.90400000e+03 1.90600000e+03
 1.81700000e+03 1.73500000e+03 1.83000000e+03 1.82300000e+03 1.82600000e+03 1.83000000e+03 3.38600000e+03 1.70300000e+03 1.90400000e+03 1.90700000e+03 1.90400000e+03 1.90600000e+03
 1.81700000e+03 1.73800000e+03 1.82800000e+03 1.82100000e+03 1.82900000e+03 1.83000000e+03 3.38700000e+03 1.70200000e+03 1.90400000e+03 1.90400000e+03 1.90400000e+03 1.90700000e+03
 1.81800000e+03 1.73800000e+03 1.82900000e+03 1.81900000e+03 1.83000000e+03 1.82900000e+03 3.38900000e+03 1.70500000e+03 1.90400000e+03 1.90700000e+03 1.90400000e+03 1.90900000e+03
 1.81700000e+03 1.73900000e+03 1.83100000e+03 1.81900000e+03 1.82700000e+03 1.82900000e+03 3.38500000e+03 1.70300000e+03 1.90400000e+03 1.90600000e+03 1.90500000e+03 1.90700000e+03
 1.81500000e+03 1.74000000e+03 1.82900000e+03 1.82100000e+03 1.82700000e+03 1.82900000e+03 3.38900000e+03 1.70500000e+03 1.90300000e+03 1.90400000e+03 1.90400000e+03 1.90700000e+03
 1.81700000e+03 1.73800000e+03 1.83100000e+03 1.82200000e+03 1.82700000e+03 1.83100000e+03 3.38900000e+03 1.70500000e+03 1.90400000e+03 1.90400000e+03 1.90400000e+03 1.90400000e+03
