 NaN 0.00000000e+00 0.00000000e+00 0.00000000e+00 0.00000000e+00 0.00000000e+00 0.00000000e+00 0.00000000e+00 0.00000000e+00 0.00000000e+00 0.00000000e+00 0.00000000e+00
 NaN 0.00000000e+00 0.00000000e+00 0.00000000e+00 0.00000000e+00 0.00000000e+00 0.00000000e+00 0.00000000e+00 0.00000000e+00 0.00000000e+00 0.00000000e+00 0.00000000e+00
 NaN 0.00000000e+00 0.00000000e+00 0.00000000e+00 0.00000000e+00 0.00000000e+00 0.00000000e+00 0.00000000e+00 0.00000000e+00 0.00000000e+00 0.00000000e+00 0.00000000e+00
 NaN 0.00000000e+00 0.00000000e+00 0.00000000e+00 0.00000000e+00 0.00000000e+00 0.00000000e+00 0.00000000e+00 0.00000000e+00 0.00000000e+00 0.00000000e+00 0.00000000e+00
 NaN 0.00000000e+00 0.00000000e+00 0.00000000e+00 0.00000000e+00 0.00000000e+00 0.00000000e+00 0.00000000e+00 0.00000000e+00 0.00000000e+00 0.00000000e+00 0.00000000e+00
 NaN 0.00000000e+00 0.00000000e+00 0.00000000e+00 0.00000000e+00 0.00000000e+00 0.00000000e+00 0.00000000e+00 0.00000000e+00 0.00000000e+00 0.00000000e+00 0.00000000e+00
 NaN 0.00000000e+00 0.00000000e+00 0.00000000e+00 0.00000000e+00 0.00000000e+00 0.00000000e+00 0.00000000e+00 0.00000000e+00 0.00000000e+00 0.00000000e+00 0.00000000e+00
 NaN 0.00000000e+00 0.00000000e+00 0.00000000e+00 0.00000000e+00 0.00000000e+00 0.00000000e+00 0.00000000e+00 0.00000000e+00 0.00000000e+00 0.00000000e+00 0.00000000e+00
 NaN 0.00000000e+00 0.00000000e+00 0.00000000e+00 0.00000000e+00 0.00000000e+00 0.00000000e+00 0.00000000e+00 0.00000000e+00 0.00000000e+00 0.00000000e+00 0.00000000e+00
 NaN 0.00000000e+00 0.00000000e+00 0.00000000e+00 0.00000000e+00 0.00000000e+00 0.00000000e+00 0.00000000e+00 0.00000000e+00 0.00000000e+00 0.00000000e+00 0.00000000e+00
 0.00000000e+00 0.00000000e+00 0.00000000e+00 0.00000000e+00 0.00000000e+00 0.00000000e+00 0.00000000e+00 0.00000000e+00 0.00000000e+00 0.00000000e+00 0.00000000e+00 0.00000000e+00
 1.80800000e+03 1.81400000e+03 1.81700000e+03 1.81100000e+03 1.85000000e+03 1.83400000e+03 4.09500000e+03 1.84000000e+03 1.86200000e+03 1.89900000e+03 1.85500000e+03 1.86300000e+03
 1.81900000e+03 1.81400000e+03 1.81300000e+03 1.80800000e+03 1.84300000e+03 1.83000000e+03 4.09500000e+03 1.84100000e+03 1.86200000e+03 1.89400000e+03 1.85100000e+03 1.86200000e+03
 1.81300000e+03 1.81500000e+03 1.81500000e+03 1.81100000e+03 1.84300000e+03 1.83100000e+03 4.09500000e+03 1.84000000e+03 1.86100000e+03 1.89500000e+03 1.85200000e+03 1.86300000e+03
 1.81100000e+03 1.81300000e+03 1.81400000e+03 1.80800000e+03 1.84600000e+03 1.83000000e+03 4.09500000e+03 1.84000000e+03 1.86100000e+03 1.89900000e+03 1.85400000e+03 1.86100000e+03
 1.81200000e+03 1.81300000e+03 1.81500000e+03 1.80800000e+03 1.84900000e+03 1.83300000e+03 4.09500000e+03 1.83400000e+03 1.86200000e+03 1.90100000e+03 1.85400000e+03 1.86200000e+03
 1.81400000e+03 1.81300000e+03 1.81700000e+03 1.81000000e+03 1.84300000e+03 1.83400000e+03 4.09500000e+03 1.83800000e+03 1.86100000e+03 1.89300000e+03 1.85300000e+03 1.86100000e+03
 1.81300000e+03 1.81500000e+03 1.81900000e+03 1.80800000e+03 1.84500000e+03 1.83100000e+03 4.09500000e+03 1.84100000e+03 1.86200000e+03 1.89500000e+03 1.85300000e+03 1.86100000e+03
 1.81400000e+03 1.81300000e+03 1.81300000e+03 1.80800000e+03 1.84300000e+03 1.83100000e+03 4.09500000e+03 1.84000000e+03 1.86100000e+03 1.89500000e+03 1.85300000e+03 1.86100000e+03
 1.81300000e+03 1.81100000e+03 1.81500000e+03 1.80800000e+03 1.84300000e+03 1.83400000e+03 4.09500000e+03 1.84000000e+03 1.86200000e+03 1.89800000e+03 1.85300000e+03 1.86600000e+03
 1.81300000e+03 1.81000000e+03 1.81900000e+03 1.80900000e+03 1.84600000e+03 1.83400000e+03 4.09500000e+03 1.84000000e+03 1.86200000e+03 1.89400000e+03 1.85100000e+03 1.86100000e+03
 1.81300000e+03 1.81300000e+03 1.82000000e+03 1.80800000e+03 1.84600000e+03 1.83100000e+03 4.09500000e+03 1.84000000e+03 1.85900000e+03 1.89400000e+03 1.85100000e+03 1.86100000e+03
 1.81400000e+03 1.81400000e+03 1.81500000e+03 1.80800000e+03 1.84300000e+03 1.83400000e+03 4.09500000e+03 1.84000000e+03 1.86200000e+03 1.89300000e+03 1.85300000e+03 1.86700000e+03
 1.81400000e+03 1.81500000e+03 1.81700000e+03 1.80800000e+03 1.84500000e+03 1.83300000e+03 4.09500000e+03 1.84000000e+03 1.86200000e+03 1.89700000e+03 1.85100000e+03 1.86100000e+03
 1.81200000e+03 1.81400000e+03 1.81500000e+03 1.80800000e+03 1.84500000e+03 1.83200000e+03 4.09500000e+03 1.84000000e+03 1.86200000e+03 1.89500000e+03 1.85400000e+03 1.86100000e+03
 1.81000000e+03 1.81300000e+03 1.81600000e+03 1.80800000e+03 1.84600000e+03 1.82900000e+03 4.09500000e+03 1.83900000e+03 1.86300000e+03 1.89800000e+03 1.85200000e+03 1.86200000e+03
 1.81300000e+03 1.81400000e+03 1.81700000e+03 1.80900000e+03 1.84500000e+03 1.83500000e+03 4.09500000e+03 1.84000000e+03 1.86200000e+03 1.89700000e+03 1.85200000e+03 1.86500000e+03
 1.81100000e+03 1.81300000e+03 1.81500000e+03 1.80800000e+03 1.84700000e+03 1.83300000e+03 4.09500000e+03 1.84000000e+03 1.86100000e+03 1.89800000e+03 1.85100000e+03 1.86000000e+03
 1.81300000e+03 1.80900000e+03 1.81900000e+03 1.80900000e+03 1.84500000e+03 1.83300000e+03 4.09500000e+03 1.84000000e+03 1.86600000e+03 1.89400000e+03 1.85100000e+03 1.86200000e+03
 1.81500000e+03 1.81000000e+03 1.81400000e+03 1.80800000e+03 1.84500000e+03 1.83400000e+03 4.09500000e+03 1.84000000e+03 1.86100000e+03 1.89400000e+03 1.85100000e+03 1.86000000e+03
 1.81000000e+03 1.81200000e+03 1.81500000e+03 1.80900000e+03 1.84300000e+03 1.83300000e+03 4.09500000e+03 1.84000000e+03 1.86100000e+03 1.89800000e+03 1.85200000e+03 1.86400000e+03
 1.81500000e+03 1.81400000e+03 1.81500000e+03 1.80800000e+03 1.84500000e+03 1.83100000e+03 4.09500000e+03 1.84200000e+03 1.85900000e+03 1.89400000e+03 1.85100000e+03 1.86300000e+03
 1.81100000e+03 1.81400000e+03 1.81800000e+03 1.80800000e+03 1.84500000e+03 1.83400000e+03 4.09500000e+03 1.84300000e+03 1.86100000e+03 1.89400000e+03 1.85300000e+03 1.86500000e+03
 1.81300000e+03 1.81100000e+03 1.81500000e+03 1.81000000e+03 1.84300000e+03 1.83100000e+03 4.09500000e+03 1.84000000e+03 1.86100000e+03 1.89700000e+03 1.85300000e+03 1.86100000e+03
 1.81100000e+03 1.81300000e+03 1.81800000e+03 1.80800000e+03 1.84700000e+03 1.83000000e+03 4.09500000e+03 1.84000000e+03 1.86100000e+03 1.89400000e+03 1.85100000e+03 1.86300000e+03
 1.81500000e+03 1.81300000e+03 1.81700000e+03 1.81000000e+03 1.84600000e+03 1.83100000e+03 4.09500000e+03 1.84000000e+03 1.86600000e+03 1.89700000e+03 1.85300000e+03 1.86200000e+03
 1.81100000e+03 1.81300000e+03 1.81700000e+03 1.80800000e+03 1.84500000e+03 1.83000000e+03 4.09500000e+03 1.83900000e+03 1.86200000e+03 1.89700000e+03 1.85600000e+03 1.86300000e+03
 1.81400000e+03 1.81000000e+03 1.81800000e+03 1.80800000e+03 1.84800000e+03 1.83100000e+03 4.09500000e+03 1.84000000e+03 1.86200000e+03 1.89800000e+03 1.85000000e+03 1.86200000e+03
 1.81300000e+03 1.81400000e+03 1.81900000e+03 1.80800000e+03 1.84500000e+03 1.83100000e+03 4.09500000e+03 1.84000000e+03 1.86300000e+03 1.89500000e+03 1.85500000e+03 1.86200000e+03
 1.81200000e+03 1.80900000e+03 1.81400000e+03 1.80800000e+03 1.84300000e+03 1.83200000e+03 4.09500000e+03 1.83900000e+03 1.86200000e+03 1.89500000e+03 1.85300000e+03 1.86500000e+03
 1.81300000e+03 1.81300000e+03 1.81500000e+03 1.80800000e+03 1.84700000e+03 1.83100000e+03 4.09500000e+03 1.84000000e+03 1.86200000e+03 1.89300000e+03 1.85200000e+03 1.85900000e+03
 1.81100000e+03 1.81200000e+03 1.81500000e+03 1.80800000e+03 1.84600000e+03 1.83400000e+03 4.09500000e+03 1.84000000e+03 1.86100000e+03 1.89400000e+03 1.85000000e+03 1.86300000e+03
 1.81700000e+03 1.81000000e+03 1.81700000e+03 1.81100000e+03 1.84500000e+03 1.83500000e+03 4.09500000e+03 1.84000000e+03 1.86100000e+03 1.89900000e+03 1.85400000e+03 1.86500000e+03
 1.81400000e+03 1.81300000e+03 1.81500000e+03 1.80800000e+03 1.84300000e+03 1.83100000e+03 4.09500000e+03 1.83900000e+03 1.86200000e+03 1.89400000e+03 1.85000000e+03 1.86200000e+03
 1.81300000e+03 1.81000000e+03 1.81900000e+03 1.80800000e+03 1.84900000e+03 1.83100000e+03 4.09500000e+03 1.84000000e+03 1.86500000e+03 1.89400000e+03 1.85300000e+03 1.86200000e+03
 1.81400000e+03 1.81000000e+03 1.81500000e+03 1.80800000e+03 1.84500000e+03 1.83000000e+03 4.09500000e+03 1.84000000e+03 1.86200000e+03 1.89600000e+03 1.85300000e+03 1.86200000e+03
 1.81400000e+03 1.81100000e+03 1.81300000e+03 1.80800000e+03 1.84300000e+03 1.83500000e+03 4.09500000e+03 1.84000000e+03 1.86100000e+03 1.89500000e+03 1.85100000e+03 1.86600000e+03
 1.81300000e+03 1.81300000e+03 1.81400000e+03 1.80800000e+03 1.84700000e+03 1.83500000e+03 4.09500000e+03 1.84000000e+03 1.86000000e+03 1.89000000e+03 1.85100000e+03 1.86500000e+03
 1.81300000e+03 1.81300000e+03 1.81700000e+03 1.80800000e+03 1.84500000e+03 1.83100000e+03 4.09500000e+03 1.84000000e+03 1.86000000e+03 1.89700000e+03 1.85200000e+03 1.86300000e+03
 1.80800000e+03 1.81100000e+03 1.81800000e+03 1.80800000e+03 1.84300000e+03 1.83300000e+03 4.09500000e+03 1.83900000e+03 1.86500000e+03 1.89500000e+03 1.85200000e+03 1.86000000e+03
 1.81300000e+03 1.81300000e+03 1.81800000e+03 1.80900000e+03 1.84500000e+03 1.83100000e+03 4.09500000e+03 1.83900000e+03 1.86500000e+03 1.89500000e+03 1.85100000e+03 1.86200000e+03
 1.81300000e+03 1.81500000e+03 1.81700000e+03 1.81000000e+03 1.84500000e+03 1.83300000e+03 4.09500000e+03 1.84000000e+03 1.85900000e+03 1.89700000e+03 1.85200000e+03 1.86200000e+03
 1.81300000e+03 1.81100000e+03 1.81500000e+03 1.81000000e+03 1.84300000e+03 1.83000000e+03 4.09500000e+03 1.84000000e+03 1.86200000e+03 1.89800000e+03 1.85100000e+03 1.86200000e+03
 1.81400000e+03 1.81100000e+03 1.81500000e+03 1.80900000e+03 1.84500000e+03 1.83100000e+03 4.09500000e+03 1.84000000e+03 1.86100000e+03 1.89500000e+03 1.85200000e+03 1.86100000e+03
 1.81300000e+03 1.81400000e+03 1.81700000e+03 1.80800000e+03 1.84600000e+03 1.83000000e+03 4.09500000e+03 1.84100000e+03 1.86200000e+03 1.89500000e+03 1.85300000e+03 1.86100000e+03
 1.81100000e+03 1.81500000e+03 1.81500000e+03 1.80800000e+03 1.84500000e+03 1.83100000e+03 4.09500000e+03 1.84100000e+03 1.86100000e+03 1.89900000e+03 1.85100000e+03 1.86100000e+03
 1.81200000e+03 1.81300000e+03 1.81500000e+03 1.80800000e+03 1.84500000e+03 1.83100000e+03 4.09500000e+03 1.83800000e+03 1.86000000e+03 1.89300000e+03 1.85100000e+03 1.86100000e+03
 1.81500000e+03 1.81400000e+03 1.81500000e+03 1.80900000e+03 1.84500000e+03 1.83300000e+03 4.09500000e+03 1.84300000e+03 1.86000000e+03 1.89500000e+03 1.85200000e+03 1.86500000e+03
 1.81100000e+03 1.81100000e+03 1.81400000e+03 1.81100000e+03 1.84600000e+03 1.83300000e+03 4.09500000e+03 1.84000000e+03 1.86100000e+03 1.89400000e+03 1.85100000e+03 1.86200000e+03
 1.81000000e+03 1.81400000e+03 1.81500000e+03 1.80800000e+03 1.84300000e+03 1.83100000e+03 4.09500000e+03 1.83900000e+03 1.86100000e+03 1.89800000e+03 1.85300000e+03 1.86000000e+03
 1.81100000e+03 1.81300000e+03 1.81700000e+03 1.80700000e+03 1.84600000e+03 1.83100000e+03 4.09500000e+03 1.83900000e+03 1.86100000e+03 1.89400000e+03 1.85300000e+03 1.85900000e+03
 1.81100000e+03 1.81500000e+03 1.81400000e+03 1.80800000e+03 1.84400000e+03 1.83300000e+03 4.09500000e+03 1.84000000e+03 1.86200000e+03 1.89400000e+03 1.85100000e+03 1.86500000e+03
 1.81300000e+03 1.81300000e+03 1.81600000e+03 1.80800000e+03 1.84500000e+03 1.83500000e+03 4.09500000e+03 1.84000000e+03 1.86200000e+03 1.89500000e+03 1.85100000e+03 1.86300000e+03
 1.81800000e+03 1.81500000e+03 1.81700000e+03 1.80800000e+03 1.85000000e+03 1.83000000e+03 4.09500000e+03 1.84100000e+03 1.86300000e+03 1.89300000e+03 1.85300000e+03 1.86300000e+03
 1.81400000e+03 1.81500000e+03 1.81700000e+03 1.81000000e+03 1.84700000e+03 1.83100000e+03 4.09500000e+03 1.84000000e+03 1.86000000e+03 1.89900000e+03 1.85000000e+03 1.86100000e+03
 1.81300000e+03 1.81300000e+03 1.81500000e+03 1.80800000e+03 1.84700000e+03 1.83000000e+03 4.09500000e+03 1.84000000e+03 1.86000000e+03 1.89500000e+03 1.85300000e+03 1.86200000e+03
 1.80900000e+03 1.81100000e+03 1.81700000e+03 1.81000000e+03 1.84300000e+03 1.83100000e+03 4.09500000e+03 1.84000000e+03 1.86100000e+03 1.89800000e+03 1.85100000e+03 1.86300000e+03
 1.81500000e+03 1.81300000e+03 1.82000000e+03 1.81200000e+03 1.84700000e+03 1.83500000e+03 4.09500000e+03 1.83900000e+03 1.86300000e+03 1.89800000e+03 1.85100000e+03 1.86700000e+03
 1.81000000e+03 1.81400000e+03 1.81700000e+03 1.80900000e+03 1.84600000e+03 1.83300000e+03 4.09500000e+03 1.84000000e+03 1.86200000e+03 1.89400000e+03 1.85500000e+03 1.86100000e+03
 1.81500000e+03 1.81700000e+03 1.81500000e+03 1.80800000e+03 1.84300000e+03 1.83100000e+03 4.09500000e+03 1.84000000e+03 1.86100000e+03 1.89500000e+03 1.85100000e+03 1.86100000e+03
 1.81400000e+03 1.81000000e+03 1.81500000e+03 1.80800000e+03 1.84300000e+03 1.83300000e+03 4.09500000e+03 1.84000000e+03 1.86100000e+03 1.89700000e+03 1.85100000e+03 1.86300000e+03
 1.81500000e+03 1.81100000e+03 1.82000000e+03 1.80900000e+03 1.84500000e+03 1.83100000e+03 4.09500000e+03 1.84000000e+03 1.86700000e+03 1.89900000e+03 1.85200000e+03 1.86100000e+03
 1.81500000e+03 1.81200000e+03 1.81700000e+03 1.80800000e+03 1.84300000e+03 1.83100000e+03 4.09500000e+03 1.83900000e+03 1.85900000e+03 1.89300000e+03 1.85100000e+03 1.86100000e+03
 1.81200000e+03 1.81100000e+03 1.81700000e+03 1.80800000e+03 1.85000000e+03 1.83100000e+03 4.09500000e+03 1.84000000e+03 1.86300000e+03 1.89500000e+03 1.85300000e+03 1.86100000e+03
 1.80900000e+03 1.81200000e+03 1.81700000e+03 1.81100000e+03 1.84900000e+03 1.83400000e+03 4.09500000e+03 1.83900000e+03 1.86100000e+03 1.89500000e+03 1.85100000e+03 1.86600000e+03
 1.81100000e+03 1.81300000e+03 1.81700000e+03 1.80800000e+03 1.84200000e+03 1.83700000e+03 4.09500000e+03 1.84000000e+03 1.86200000e+03 1.89900000e+03 1.85100000e+03 1.86600000e+03
 1.82000000e+03 1.81200000e+03 1.78700000e+03 1.80800000e+03 1.85700000e+03 1.83400000e+03 4.09500000e+03 1.84000000e+03 1.86300000e+03 1.89500000e+03 1.85400000e+03 1.86200000e+03
 1.81100000e+03 1.81300000e+03 1.81600000e+03 1.80800000e+03 1.84900000e+03 1.83300000e+03 4.09500000e+03 1.83800000e+03 1.86000000e+03 1.89900000e+03 1.85400000e+03 1.86100000e+03
 1.81300000e+03 1.81400000e+03 1.81500000e+03 1.80800000e+03 1.84300000e+03 1.83100000e+03 4.09500000e+03 1.84000000e+03 1.86100000e+03 1.89300000e+03 1.85200000e+03 1.86100000e+03
 1.81200000e+03 1.81100000e+03 1.81700000e+03 1.80900000e+03 1.84700000e+03 1.83100000e+03 4.09500000e+03 1.84000000e+03 1.86200000e+03 1.89500000e+03 1.85500000e+03 1.86200000e+03
 1.81300000e+03 1.81500000e+03 1.81700000e+03 1.80800000e+03 1.84700000e+03 1.83100000e+03 4.09500000e+03 1.84000000e+03 1.86300000e+03 1.89400000e+03 1.85100000e+03 1.86200000e+03
 1.81100000e+03 1.81400000e+03 1.81800000e+03 1.80800000e+03 1.84500000e+03 1.83500000e+03 4.09500000e+03 1.84000000e+03 1.86700000e+03 1.89600000e+03 1.85300000e+03 1.86200000e+03
 1.81300000e+03 1.81100000e+03 1.81500000e+03 1.80800000e+03 1.84400000e+03 1.83300000e+03 4.09500000e+03 1.84000000e+03 1.86200000e+03 1.89700000e+03 1.85300000e+03 1.86100000e+03
 1.81100000e+03 1.81300000e+03 1.81500000e+03 1.80900000e+03 1.84500000e+03 1.83100000e+03 4.09500000e+03 1.84000000e+03 1.86200000e+03 1.89400000e+03 1.85000000e+03 1.86200000e+03
 1.81300000e+03 1.81200000e+03 1.81300000e+03 1.80800000e+03 1.84700000e+03 1.83000000e+03 4.09500000e+03 1.84000000e+03 1.86200000e+03 1.89400000e+03 1.85400000e+03 1.86300000e+03
 1.81100000e+03 1.81400000e+03 1.81500000e+03 1.80900000e+03 1.85100000e+03 1.83400000e+03 4.09500000e+03 1.84000000e+03 1.86300000e+03 1.89500000e+03 1.85500000e+03 1.86500000e+03
 1.81300000e+03 1.81400000e+03 1.81700000e+03 1.80800000e+03 1.84500000e+03 1.83100000e+03 4.09500000e+03 1.84000000e+03 1.86200000e+03 1.89500000e+03 1.85100000e+03 1.85800000e+03
 1.81300000e+03 1.81400000e+03 1.81800000e+03 1.81100000e+03 1.84500000e+03 1.83400000e+03 4.09500000e+03 1.84000000e+03 1.86500000e+03 1.89800000e+03 1.85300000e+03 1.86200000e+03
 1.81400000e+03 1.81300000e+03 1.81500000e+03 1.80900000e+03 1.84500000e+03 1.83400000e+03 4.09500000e+03 1.84000000e+03 1.86000000e+03 1.89700000e+03 1.85000000e+03 1.86000000e+03
 1.81300000e+03 1.81100000e+03 1.81400000e+03 1.81000000e+03 1.84500000e+03 1.83100000e+03 4.09500000e+03 1.83900000e+03 1.86300000e+03 1.89700000e+03 1.85100000e+03 1.86000000e+03
 1.81100000e+03 1.81400000e+03 1.81500000e+03 1.81000000e+03 1.84700000e+03 1.83400000e+03 4.09500000e+03 1.83900000e+03 1.86100000e+03 1.89400000e+03 1.85100000e+03 1.86100000e+03
 1.81300000e+03 1.81400000e+03 1.81500000e+03 1.80800000e+03 1.84900000e+03 1.83000000e+03 4.09500000e+03 1.84100000e+03 1.86000000e+03 1.89500000e+03 1.85200000e+03 1.86000000e+03
 1.81400000e+03 1.81100000e+03 1.81800000e+03 1.81100000e+03 1.84900000e+03 1.82900000e+03 4.09500000e+03 1.84000000e+03 1.86200000e+03 1.89800000e+03 1.85600000e+03 1.86200000e+03
 1.81300000e+03 1.81100000e+03 1.81800000e+03 1.80800000e+03 1.84500000e+03 1.83300000e+03 4.09500000e+03 1.83900000e+03 1.86100000e+03 1.89400000e+03 1.85100000e+03 1.86100000e+03
 1.81300000e+03 1.81100000e+03 1.81900000e+03 1.80800000e+03 1.84500000e+03 1.83000000e+03 4.09500000e+03 1.84000000e+03 1.86300000e+03 1.89500000e+03 1.85000000e+03 1.86000000e+03
 1.81300000e+03 1.81400000e+03 1.81500000e+03 1.80900000e+03 1.84600000e+03 1.83100000e+03 4.09500000e+03 1.84100000e+03 1.85900000e+03 1.89400000e+03 1.85000000e+03 1.86300000e+03
 1.81400000e+03 1.81000000e+03 1.81900000e+03 1.80800000e+03 1.84700000e+03 1.83400000e+03 4.09500000e+03 1.83900000e+03 1.86800000e+03 1.89700000e+03 1.85300000e+03 1.85900000e+03
 1.81200000e+03 1.81100000e+03 1.82100000e+03 1.80800000e+03 1.84600000e+03 1.83400000e+03 4.09500000e+03 1.84000000e+03 1.86500000e+03 1.89500000e+03 1.85300000e+03 1.86300000e+03
 1.81300000e+03 1.81700000e+03 1.81700000e+03 1.80800000e+03 1.84700000e+03 1.83300000e+03 4.09500000e+03 1.84100000e+03 1.86200000e+03 1.89500000e+03 1.85500000e+03 1.86100000e+03
 1.81000000e+03 1.81100000e+03 1.81800000e+03 1.80900000e+03 1.84300000e+03 1.83300000e+03 4.09500000e+03 1.84000000e+03 1.86100000e+03 1.89700000e+03 1.85100000e+03 1.85900000e+03
 1.81300000e+03 1.81100000e+03 1.81100000e+03 1.80900000e+03 1.84700000e+03 1.83000000e+03 4.09500000e+03 1.84000000e+03 1.86300000e+03 1.89300000e+03 1.85100000e+03 1.85900000e+03
 1.81300000e+03 1.81200000e+03 1.81700000e+03 1.80900000e+03 1.85100000e+03 1.83100000e+03 4.09500000e+03 1.84000000e+03 1.86300000e+03 1.89400000e+03 1.85500000e+03 1.86100000e+03
 1.81200000e+03 1.81400000e+03 1.81900000e+03 1.80800000e+03 1.84500000e+03 1.83500000e+03 4.09500000e+03 1.84000000e+03 1.86200000e+03 1.89900000e+03 1.85100000e+03 1.86700000e+03
 1.81200000e+03 1.81300000e+03 1.81700000e+03 1.81000000e+03 1.84500000e+03 1.83400000e+03 4.09500000e+03 1.84000000e+03 1.86200000e+03 1.89700000e+03 1.84900000e+03 1.86200000e+03
 1.81400000e+03 1.81400000e+03 1.81500000e+03 1.80900000e+03 1.84500000e+03 1.83100000e+03 4.09500000e+03 1.84000000e+03 1.86100000e+03 1.89500000e+03 1.85200000e+03 1.86100000e+03
 1.81100000e+03 1.81100000e+03 1.82200000e+03 1.80900000e+03 1.84300000e+03 1.83400000e+03 4.09500000e+03 1.84000000e+03 1.86600000e+03 1.89500000e+03 1.85000000e+03 1.86100000e+03
 1.81400000e+03 1.81200000e+03 1.81700000e+03 1.80800000e+03 1.84200000e+03 1.83300000e+03 4.09500000e+03 1.84000000e+03 1.86200000e+03 1.89700000e+03 1.85300000e+03 1.86200000e+03
 1.81300000e+03 1.81100000e+03 1.81500000e+03 1.80800000e+03 1.84600000e+03 1.83700000e+03 4.09500000e+03 1.84000000e+03 1.86200000e+03 1.89400000e+03 1.85200000e+03 1.86700000e+03
 1.81800000e+03 1.81300000e+03 1.81500000e+03 1.81000000e+03 1.84800000e+03 1.83100000e+03 4.09500000e+03 1.84000000e+03 1.86200000e+03 1.89800000e+03 1.85300000e+03 1.86100000e+03
 1.81100000e+03 1.81900000e+03 1.81700000e+03 1.80900000e+03 1.84300000e+03 1.82900000e+03 4.09500000e+03 1.84300000e+03 1.86100000e+03 1.89400000e+03 1.85400000e+03 1.86000000e+03
 1.81300000e+03 1.81400000e+03 1.81800000e+03 1.80800000e+03 1.84000000e+03 1.84600000e+03 4.09500000e+03 1.84000000e+03 1.86300000e+03 1.89300000e+03 1.85200000e+03 1.86200000e+03
 1.81300000e+03 1.81100000e+03 1.81500000e+03 1.81100000e+03 1.84500000e+03 1.82300000e+03 4.09500000e+03 1.84000000e+03 1.86000000e+03 1.89500000e+03 1.85100000e+03 1.86100000e+03
 1.81700000e+03 1.81100000e+03 1.82100000e+03 1.80900000e+03 1.84500000e+03 1.83500000e+03 4.09500000e+03 1.84000000e+03 1.85900000e+03 1.89500000e+03 1.85300000e+03 1.86100000e+03
 1.83600000e+03 1.81300000e+03 1.82000000e+03 1.80800000e+03 1.85000000e+03 1.83000000e+03 4.09500000e+03 1.85500000e+03 1.89100000e+03 1.89400000e+03 1.85300000e+03 1.86100000e+03
 1.81200000e+03 1.81500000e+03 1.81800000e+03 1.80900000e+03 1.84500000e+03 1.83500000e+03 4.09500000e+03 1.84400000e+03 1.86200000e+03 1.89400000e+03 1.85100000e+03 1.86300000e+03
 1.81400000e+03 1.81100000e+03 1.81300000e+03 1.80900000e+03 1.84500000e+03 1.83300000e+03 4.09500000e+03 1.83900000e+03 1.86100000e+03 1.89800000e+03 1.85000000e+03 1.86200000e+03
 1.81800000e+03 1.83500000e+03 1.81500000e+03 1.81100000e+03 1.85900000e+03 1.84100000e+03 4.09500000e+03 1.83900000e+03 1.86000000e+03 1.89500000e+03 1.85400000e+03 1.86200000e+03
 1.80300000e+03 1.81300000e+03 1.81500000e+03 1.80800000e+03 1.80800000e+03 1.83000000e+03 4.09500000e+03 1.84000000e+03 1.86300000e+03 1.89400000e+03 1.85500000e+03 1.86300000e+03
 1.82200000e+03 1.80800000e+03 1.81900000e+03 1.80800000e+03 1.84700000e+03 1.83500000e+03 4.09500000e+03 1.84000000e+03 1.86200000e+03 1.89400000e+03 1.84500000e+03 1.86600000e+03
 1.81300000e+03 1.81200000e+03 1.81800000e+03 1.80800000e+03 1.84300000e+03 1.83500000e+03 4.09500000e+03 1.83900000e+03 1.86100000e+03 1.90600000e+03 1.85100000e+03 1.86100000e+03
 1.81100000e+03 1.80900000e+03 1.81500000e+03 1.81000000e+03 1.84900000e+03 1.83000000e+03 4.09500000e+03 1.83900000e+03 1.86100000e+03 1.89500000e+03 1.85400000e+03 1.86100000e+03
 1.81400000e+03 1.80400000e+03 1.83500000e+03 1.80900000e+03 1.84400000e+03 1.83400000e+03 4.09500000e+03 1.84000000e+03 1.86500000e+03 1.89900000e+03 1.85300000e+03 1.85900000e+03
 1.81300000e+03 1.81300000e+03 1.81800000e+03 1.80600000e+03 1.84700000e+03 1.83100000e+03 4.09500000e+03 1.84000000e+03 1.86400000e+03 1.89500000e+03 1.85500000e+03 1.86200000e+03
 1.81300000e+03 1.81800000e+03 1.81200000e+03 1.80800000e+03 1.84500000e+03 1.83100000e+03 4.09500000e+03 1.84100000e+03 1.85900000e+03 1.89800000e+03 1.85000000e+03 1.85100000e+03
 1.81300000e+03 1.81300000e+03 1.81500000e+03 1.80800000e+03 1.84500000e+03 1.83400000e+03 4.09500000e+03 1.84100000e+03 1.88400000e+03 1.89300000e+03 1.83600000e+03 1.86300000e+03
 1.81100000e+03 1.81600000e+03 1.81500000e+03 1.80800000e+03 1.84300000e+03 1.83100000e+03 4.09500000e+03 1.84000000e+03 1.86300000e+03 1.89300000e+03 1.85300000e+03 1.86200000e+03
 1.81300000e+03 1.81300000e+03 1.82100000e+03 1.81100000e+03 1.84300000e+03 1.83100000e+03 4.09500000e+03 1.84000000e+03 1.86600000e+03 1.89800000e+03 1.85000000e+03 1.86200000e+03
 1.81500000e+03 1.81700000e+03 1.81400000e+03 1.80900000e+03 1.84500000e+03 1.83100000e+03 4.09500000e+03 1.84300000e+03 1.86000000e+03 1.89300000e+03 1.85200000e+03 1.86200000e+03
 1.81300000e+03 1.81100000e+03 1.81900000e+03 1.80800000e+03 1.84600000e+03 1.83000000e+03 4.09500000e+03 1.84000000e+03 1.86300000e+03 1.89500000e+03 1.85300000e+03 1.86200000e+03
 1.81100000e+03 1.80900000e+03 1.81700000e+03 1.80900000e+03 1.84300000e+03 1.83000000e+03 4.09500000e+03 1.84000000e+03 1.86100000e+03 1.89200000e+03 1.85100000e+03 1.86100000e+03
 1.81300000e+03 1.81300000e+03 1.81400000e+03 1.80800000e+03 1.84500000e+03 1.82900000e+03 4.09500000e+03 1.84000000e+03 1.86100000e+03 1.89400000e+03 1.85100000e+03 1.85900000e+03
 1.81300000e+03 1.81300000e+03 1.81400000e+03 1.80800000e+03 1.84600000e+03 1.83300000e+03 4.09500000e+03 1.84000000e+03 1.86000000e+03 1.89500000e+03 1.85100000e+03 1.86100000e+03
 1.81200000e+03 1.81200000e+03 1.81900000e+03 1.80900000e+03 1.84500000e+03 1.83100000e+03 4.09500000e+03 1.84000000e+03 1.86200000e+03 1.89500000e+03 1.85400000e+03 1.86200000e+03
 1.81400000e+03 1.81100000e+03 1.82100000e+03 1.80800000e+03 1.84700000e+03 1.83600000e+03 4.09500000e+03 1.84000000e+03 1.86200000e+03 1.89400000e+03 1.85400000e+03 1.86300000e+03
 1.81200000e+03 1.81500000e+03 1.81800000e+03 1.80800000e+03 1.84600000e+03 1.83400000e+03 4.09500000e+03 1.84000000e+03 1.86100000e+03 1.89700000e+03 1.85000000e+03 1.86200000e+03
 1.81300000e+03 1.81100000e+03 1.81900000e+03 1.80800000e+03 1.84500000e+03 1.83100000e+03 4.09500000e+03 1.84000000e+03 1.86400000e+03 1.89400000e+03 1.85100000e+03 1.86400000e+03
 1.81300000e+03 1.80900000e+03 1.81700000e+03 1.80900000e+03 1.84400000e+03 1.82900000e+03 4.09500000e+03 1.84000000e+03 1.86200000e+03 1.89400000e+03 1.85200000e+03 1.85900000e+03
 1.81400000e+03 1.81100000e+03 1.81800000e+03 1.80800000e+03 1.84300000e+03 1.83500000e+03 4.09500000e+03 1.84000000e+03 1.86300000e+03 1.89400000e+03 1.84900000e+03 1.86600000e+03
 1.81500000e+03 1.81200000e+03 1.81400000e+03 1.80800000e+03 1.84600000e+03 1.83100000e+03 4.09500000e+03 1.83900000e+03 1.86000000e+03 1.89400000e+03 1.85200000e+03 1.86300000e+03
 1.81400000e+03 1.81500000e+03 1.81800000e+03 1.80800000e+03 1.84600000e+03 1.83100000e+03 4.09500000e+03 1.84000000e+03 1.86300000e+03 1.89300000e+03 1.85300000e+03 1.86200000e+03
 1.81500000e+03 1.81100000e+03 1.81500000e+03 1.80900000e+03 1.84500000e+03 1.83100000e+03 4.09500000e+03 1.84000000e+03 1.86100000e+03 1.89600000e+03 1.85100000e+03 1.86200000e+03
 1.81000000e+03 1.81100000e+03 1.81500000e+03 1.80800000e+03 1.84500000e+03 1.83000000e+03 4.09500000e+03 1.83900000e+03 1.85900000e+03 1.89300000e+03 1.85100000e+03 1.86200000e+03
 1.81400000e+03 1.81100000e+03 1.81500000e+03 1.80800000e+03 1.84500000e+03 1.83100000e+03 4.09500000e+03 1.84000000e+03 1.86100000e+03 1.89500000e+03 1.85400000e+03 1.86100000e+03
 1.81400000e+03 1.81200000e+03 1.81700000e+03 1.80800000e+03 1.84700000e+03 1.83000000e+03 4.09500000e+03 1.84000000e+03 1.86300000e+03 1.89300000e+03 1.85200000e+03 1.86100000e+03
 1.81500000e+03 1.81100000e+03 1.81500000e+03 1.80800000e+03 1.84600000e+03 1.83300000e+03 4.09500000e+03 1.83500000e+03 1.85800000e+03 1.89500000e+03 1.85000000e+03 1.86300000e+03
 1.81000000e+03 1.81100000e+03 1.81700000e+03 1.80800000e+03 1.84200000e+03 1.82900000e+03 4.09500000e+03 1.83900000e+03 1.86100000e+03 1.89700000e+03 1.85000000e+03 1.86000000e+03
 1.81100000e+03 1.81100000e+03 1.81500000e+03 1.80900000e+03 1.84500000e+03 1.83100000e+03 4.09500000e+03 1.84000000e+03 1.86300000e+03 1.89500000e+03 1.85100000e+03 1.86300000e+03
 1.81100000e+03 1.81000000e+03 1.81500000e+03 1.80800000e+03 1.84400000e+03 1.83100000e+03 4.09500000e+03 1.84000000e+03 1.86300000e+03 1.89500000e+03 1.85200000e+03 1.85500000e+03
 1.81500000e+03 1.81100000e+03 1.81700000e+03 1.81100000e+03 1.85000000e+03 1.83000000e+03 4.09500000e+03 1.84000000e+03 1.87100000e+03 1.89900000e+03 1.87800000e+03 1.86000000e+03
 1.81300000e+03 1.81100000e+03 1.81500000e+03 1.80800000e+03 1.84500000e+03 1.83000000e+03 4.09500000e+03 1.84000000e+03 1.86100000e+03 1.89900000e+03 1.84100000e+03 1.86100000e+03
 1.81200000e+03 1.81100000e+03 1.81500000e+03 1.80800000e+03 1.84500000e+03 1.83100000e+03 4.09500000e+03 1.82700000e+03 1.86100000e+03 1.89500000e+03 1.85000000e+03 1.86100000e+03
 1.81400000e+03 1.81100000e+03 1.81900000e+03 1.80900000e+03 1.84600000e+03 1.83400000e+03 4.09500000e+03 1.83900000e+03 1.86300000e+03 1.89500000e+03 1.85100000e+03 1.86300000e+03
 1.81300000e+03 1.81100000e+03 1.81500000e+03 1.80800000e+03 1.84400000e+03 1.83100000e+03 4.09500000e+03 1.84000000e+03 1.86000000e+03 1.89500000e+03 1.85200000e+03 1.86100000e+03
 1.81000000e+03 1.81700000e+03 1.81800000e+03 1.80900000e+03 1.84300000e+03 1.83100000e+03 4.09500000e+03 1.84300000e+03 1.85700000e+03 1.89400000e+03 1.83800000e+03 1.85800000e+03
 1.81300000e+03 1.81300000e+03 1.81500000e+03 1.80900000e+03 1.84600000e+03 1.83300000e+03 4.09500000e+03 1.84700000e+03 1.86000000e+03 1.90700000e+03 1.84000000e+03 1.86800000e+03
 1.81400000e+03 1.81500000e+03 1.81900000e+03 1.80800000e+03 1.84300000e+03 1.83500000e+03 4.09500000e+03 1.84000000e+03 1.86900000e+03 1.91400000e+03 1.85000000e+03 1.86700000e+03
 1.81400000e+03 1.81100000e+03 1.81800000e+03 1.80800000e+03 1.84300000e+03 1.83300000e+03 4.09500000e+03 1.84000000e+03 1.86300000e+03 1.89500000e+03 1.85300000e+03 1.86500000e+03
 1.81300000e+03 1.81000000e+03 1.81600000e+03 1.80900000e+03 1.84300000e+03 1.83100000e+03 4.09500000e+03 1.84000000e+03 1.86100000e+03 1.89500000e+03 1.85100000e+03 1.86000000e+03
 1.81300000e+03 1.81100000e+03 1.81700000e+03 1.80900000e+03 1.84300000e+03 1.83400000e+03 4.09500000e+03 1.84000000e+03 1.85900000e+03 1.89400000e+03 1.85000000e+03 1.86200000e+03
 1.81300000e+03 1.81100000e+03 1.81800000e+03 1.80800000e+03 1.84200000e+03 1.83000000e+03 4.09500000e+03 1.83900000e+03 1.86200000e+03 1.89500000e+03 1.85000000e+03 1.86100000e+03
 1.81100000e+03 1.81300000e+03 1.81900000e+03 1.80800000e+03 1.84400000e+03 1.83900000e+03 4.09500000e+03 1.84000000e+03 1.86300000e+03 1.89300000e+03 1.85100000e+03 1.86800000e+03
 1.81900000e+03 1.81300000e+03 1.81700000e+03 1.81000000e+03 1.84300000e+03 1.82700000e+03 4.09500000e+03 1.83800000e+03 1.86100000e+03 1.89500000e+03 1.85100000e+03 1.86300000e+03
 1.81400000e+03 1.81400000e+03 1.81700000e+03 1.80800000e+03 1.84400000e+03 1.83100000e+03 4.09500000e+03 1.84000000e+03 1.86100000e+03 1.89500000e+03 1.85300000e+03 1.86100000e+03
 1.81300000e+03 1.81100000e+03 1.81700000e+03 1.81100000e+03 1.84500000e+03 1.83400000e+03 4.09500000e+03 1.83900000e+03 1.86300000e+03 1.89700000e+03 1.85100000e+03 1.86000000e+03
 1.81300000e+03 1.81300000e+03 1.81500000e+03 1.81100000e+03 1.84500000e+03 1.83500000e+03 4.09500000e+03 1.83900000e+03 1.86100000e+03 1.89800000e+03 1.85300000e+03 1.86500000e+03
 1.81700000e+03 1.81700000e+03 1.81700000e+03 1.80900000e+03 1.84500000e+03 1.83100000e+03 4.09500000e+03 1.84000000e+03 1.86300000e+03 1.89800000e+03 1.84900000e+03 1.86100000e+03
 1.81300000e+03 1.81100000e+03 1.81900000e+03 1.80800000e+03 1.84700000e+03 1.83000000e+03 4.09500000e+03 1.83900000e+03 1.86200000e+03 1.89400000e+03 1.85300000e+03 1.86100000e+03
 1.81200000e+03 1.81500000e+03 1.81500000e+03 1.80800000e+03 1.84300000e+03 1.83100000e+03 4.09500000e+03 1.84000000e+03 1.85900000e+03 1.89500000e+03 1.85100000e+03 1.86100000e+03
 1.81100000e+03 1.81100000e+03 1.81500000e+03 1.80800000e+03 1.84500000e+03 1.83100000e+03 4.09500000e+03 1.84000000e+03 1.85900000e+03 1.89200000e+03 1.85100000e+03 1.85900000e+03
 1.81800000e+03 1.81100000e+03 1.81500000e+03 1.80800000e+03 1.84300000e+03 1.83100000e+03 4.09500000e+03 1.83700000e+03 1.86300000e+03 1.89400000e+03 1.85100000e+03 1.86200000e+03
 1.81300000e+03 1.81100000e+03 1.81500000e+03 1.80800000e+03 1.84600000e+03 1.83300000e+03 4.09500000e+03 1.83800000e+03 1.86100000e+03 1.89500000e+03 1.85500000e+03 1.86200000e+03
 1.81300000e+03 1.81300000e+03 1.81400000e+03 1.80800000e+03 1.84600000e+03 1.83100000e+03 4.09500000e+03 1.83900000e+03 1.85800000e+03 1.89500000e+03 1.85300000e+03 1.86200000e+03
 1.81400000e+03 1.81100000e+03 1.81300000e+03 1.80900000e+03 1.84500000e+03 1.83100000e+03 4.09500000e+03 1.84000000e+03 1.86200000e+03 1.89500000e+03 1.85400000e+03 1.86100000e+03
 1.81100000e+03 1.81300000e+03 1.81500000e+03 1.80800000e+03 1.84500000e+03 1.83100000e+03 4.09500000e+03 1.83900000e+03 1.86100000e+03 1.89300000e+03 1.85400000e+03 1.86200000e+03
 1.81100000e+03 1.81100000e+03 1.81500000e+03 1.80900000e+03 1.84500000e+03 1.83400000e+03 4.09500000e+03 1.83900000e+03 1.86200000e+03 1.89500000e+03 1.85300000e+03 1.86300000e+03
 1.81100000e+03 1.81200000e+03 1.81700000e+03 1.80900000e+03 1.84600000e+03 1.83100000e+03 4.09500000e+03 1.83900000e+03 1.86100000e+03 1.89400000e+03 1.85400000e+03 1.86200000e+03
 1.81000000e+03 1.81100000e+03 1.81700000e+03 1.80800000e+03 1.84300000e+03 1.83500000e+03 4.09500000e+03 1.84000000e+03 1.86200000e+03 1.89900000e+03 1.85100000e+03 1.86400000e+03
 1.81400000e+03 1.81100000e+03 1.81500000e+03 1.81000000e+03 1.84500000e+03 1.83100000e+03 4.09500000e+03 1.84000000e+03 1.86200000e+03 1.89800000e+03 1.85100000e+03 1.86100000e+03
 1.81300000e+03 1.81300000e+03 1.81500000e+03 1.80900000e+03 1.84500000e+03 1.83100000e+03 4.09500000e+03 1.83900000e+03 1.86100000e+03 1.89900000e+03 1.85100000e+03 1.86200000e+03
 1.81700000e+03 1.81000000e+03 1.81500000e+03 1.80800000e+03 1.84400000e+03 1.83200000e+03 4.09500000e+03 1.84000000e+03 1.85900000e+03 1.89500000e+03 1.85000000e+03 1.86600000e+03
 1.81300000e+03 1.81100000e+03 1.81700000e+03 1.80800000e+03 1.84700000e+03 1.83100000e+03 4.09500000e+03 1.84000000e+03 1.86100000e+03 1.89300000e+03 1.85100000e+03 1.86300000e+03
 1.81300000e+03 1.81100000e+03 1.81700000e+03 1.80800000e+03 1.84900000e+03 1.83000000e+03 4.09500000e+03 1.84000000e+03 1.86100000e+03 1.89500000e+03 1.85500000e+03 1.86200000e+03
 1.81000000e+03 1.81400000e+03 1.81300000e+03 1.80800000e+03 1.84300000e+03 1.83100000e+03 4.09500000e+03 1.84000000e+03 1.86100000e+03 1.89700000e+03 1.85300000e+03 1.86100000e+03
 1.81400000e+03 1.81200000e+03 1.81800000e+03 1.80800000e+03 1.84400000e+03 1.83000000e+03 4.09500000e+03 1.84000000e+03 1.86200000e+03 1.89300000e+03 1.84900000e+03 1.86100000e+03
 1.81100000e+03 1.81500000e+03 1.81400000e+03 1.80800000e+03 1.84600000e+03 1.82900000e+03 4.09500000e+03 1.84000000e+03 1.86100000e+03 1.89300000e+03 1.85200000e+03 1.86100000e+03
 1.81100000e+03 1.81400000e+03 1.81700000e+03 1.80800000e+03 1.84400000e+03 1.83100000e+03 4.09500000e+03 1.83900000e+03 1.86100000e+03 1.89400000e+03 1.85300000e+03 1.85900000e+03
 1.81000000e+03 1.81500000e+03 1.81500000e+03 1.80800000e+03 1.84300000e+03 1.83300000e+03 4.09500000e+03 1.84000000e+03 1.86100000e+03 1.89300000e+03 1.85000000e+03 1.86300000e+03
 1.81500000e+03 1.81200000e+03 1.81500000e+03 1.80800000e+03 1.84500000e+03 1.83100000e+03 4.09500000e+03 1.83600000e+03 1.86200000e+03 1.89400000e+03 1.85000000e+03 1.86100000e+03
 1.81100000e+03 1.81400000e+03 1.81800000e+03 1.80800000e+03 1.84300000e+03 1.83700000e+03 4.09500000e+03 1.84100000e+03 1.86300000e+03 1.89500000e+03 1.85100000e+03 1.86300000e+03
 1.81200000e+03 1.81700000e+03 1.81500000e+03 1.80800000e+03 1.84300000e+03 1.82800000e+03 4.09500000e+03 1.84300000e+03 1.86100000e+03 1.89300000e+03 1.85100000e+03 1.86100000e+03
 1.81700000e+03 1.80900000e+03 1.81800000e+03 1.80800000e+03 1.84600000e+03 1.83100000e+03 4.09500000e+03 1.83900000e+03 1.86500000e+03 1.89400000e+03 1.85000000e+03 1.86100000e+03
 1.81100000e+03 1.81100000e+03 1.81500000e+03 1.80800000e+03 1.84500000e+03 1.83300000e+03 4.09500000e+03 1.83900000e+03 1.86000000e+03 1.89300000e+03 1.85100000e+03 1.86300000e+03
 1.81300000e+03 1.81100000e+03 1.81800000e+03 1.80900000e+03 1.84300000e+03 1.83100000e+03 4.09500000e+03 1.84000000e+03 1.85800000e+03 1.89400000e+03 1.85300000e+03 1.86000000e+03
 1.81400000e+03 1.81300000e+03 1.81500000e+03 1.80900000e+03 1.84300000e+03 1.83300000e+03 4.09500000e+03 1.84000000e+03 1.86000000e+03 1.89500000e+03 1.85000000e+03 1.86300000e+03
 1.81200000e+03 1.81000000e+03 1.81400000e+03 1.80800000e+03 1.84700000e+03 1.83300000e+03 4.09500000e+03 1.83900000e+03 1.85900000e+03 1.89200000e+03 1.85000000e+03 1.86300000e+03
 1.81400000e+03 1.81300000e+03 1.81600000e+03 1.80800000e+03 1.84900000e+03 1.83100000e+03 4.09500000e+03 1.84000000e+03 1.85800000e+03 1.89200000e+03 1.85100000e+03 1.85900000e+03
 1.81100000e+03 1.81400000e+03 1.81500000e+03 1.80800000e+03 1.84400000e+03 1.82900000e+03 4.09500000e+03 1.84000000e+03 1.86000000e+03 1.89400000e+03 1.85100000e+03 1.86000000e+03
 1.81300000e+03 1.81400000e+03 1.81900000e+03 1.80800000e+03 1.84800000e+03 1.83300000e+03 4.09500000e+03 1.84000000e+03 1.86300000e+03 1.89300000e+03 1.85200000e+03 1.86100000e+03
 1.80900000e+03 1.81500000e+03 1.81500000e+03 1.80800000e+03 1.84600000e+03 1.83600000e+03 4.09500000e+03 1.83900000e+03 1.86000000e+03 1.89400000e+03 1.85200000e+03 1.86200000e+03
 1.81200000e+03 1.81400000e+03 1.81500000e+03 1.80900000e+03 1.84300000e+03 1.83000000e+03 4.09500000e+03 1.83900000e+03 1.86200000e+03 1.89700000e+03 1.84700000e+03 1.86300000e+03
 1.81000000e+03 1.81100000e+03 1.81500000e+03 1.81000000e+03 1.84200000e+03 1.83100000e+03 4.09500000e+03 1.84000000e+03 1.86100000e+03 1.89700000e+03 1.85000000e+03 1.86100000e+03
 1.81100000e+03 1.81400000e+03 1.81400000e+03 1.80800000e+03 1.84700000e+03 1.83100000e+03 4.09500000e+03 1.84000000e+03 1.86100000e+03 1.89500000e+03 1.85300000e+03 1.85900000e+03
 1.81500000e+03 1.81100000e+03 1.81700000e+03 1.80800000e+03 1.84300000e+03 1.83100000e+03 4.09500000e+03 1.83900000e+03 1.85900000e+03 1.89400000e+03 1.85000000e+03 1.86100000e+03
 1.81000000e+03 1.81100000e+03 1.81400000e+03 1.81100000e+03 1.84300000e+03 1.83000000e+03 4.09500000e+03 1.83900000e+03 1.86100000e+03 1.89900000e+03 1.85000000e+03 1.85900000e+03
 1.81400000e+03 1.81200000e+03 1.81500000e+03 1.81200000e+03 1.84400000e+03 1.83000000e+03 4.09500000e+03 1.84000000e+03 1.86100000e+03 1.89700000e+03 1.85400000e+03 1.86100000e+03
 1.81100000e+03 1.81300000e+03 1.81800000e+03 1.80800000e+03 1.84600000e+03 1.83100000e+03 4.09500000e+03 1.83900000e+03 1.86300000e+03 1.89500000e+03 1.85200000e+03 1.86200000e+03
 1.81500000e+03 1.81500000e+03 1.81500000e+03 1.80800000e+03 1.84500000e+03 1.83100000e+03 4.09500000e+03 1.84000000e+03 1.86100000e+03 1.89500000e+03 1.85000000e+03 1.86300000e+03
 1.81000000e+03 1.81100000e+03 1.81700000e+03 1.80900000e+03 1.84600000e+03 1.83000000e+03 4.09500000e+03 1.83900000e+03 1.86500000e+03 1.89900000e+03 1.85000000e+03 1.85900000e+03
 1.81100000e+03 1.81000000e+03 1.81800000e+03 1.80800000e+03 1.84600000e+03 1.83300000e+03 4.09500000e+03 1.84000000e+03 1.86200000e+03 1.89400000e+03 1.85300000e+03 1.86200000e+03
 1.81500000e+03 1.81400000e+03 1.81600000e+03 1.80800000e+03 1.84300000e+03 1.83100000e+03 4.09500000e+03 1.83900000e+03 1.86200000e+03 1.89400000e+03 1.85100000e+03 1.86200000e+03
 1.81300000e+03 1.81100000e+03 1.81700000e+03 1.81100000e+03 1.84500000e+03 1.83100000e+03 4.09500000e+03 1.84000000e+03 1.86000000e+03 1.89800000e+03 1.85100000e+03 1.86200000e+03
 0.00000000e+00 0.00000000e+00 0.00000000e+00 0.00000000e+00 0.00000000e+00 0.00000000e+00 0.00000000e+00 0.00000000e+00 0.00000000e+00 0.00000000e+00 0.00000000e+00 0.00000000e+00
 1.77300000e+03 1.81800000e+03 1.81900000e+03 1.80800000e+03 1.84300000e+03 1.83000000e+03 4.09500000e+03 1.84000000e+03 1.86300000e+03 1.89500000e+03 1.85400000e+03 1.86200000e+03
 1.81700000e+03 1.81300000e+03 1.81700000e+03 1.80800000e+03 1.85000000e+03 1.83000000e+03 4.09500000e+03 1.84000000e+03 1.86300000e+03 1.89700000e+03 1.85600000e+03 1.86100000e+03
 1.81300000e+03 1.81300000e+03 1.81800000e+03 1.80800000e+03 1.84700000e+03 1.83900000e+03 4.09500000e+03 1.83800000e+03 1.86300000e+03 1.89400000e+03 1.85500000e+03 1.86700000e+03
 1.81200000e+03 1.81300000e+03 1.81800000e+03 1.80800000e+03 1.84600000e+03 1.83100000e+03 4.09500000e+03 1.84000000e+03 1.86100000e+03 1.89500000e+03 1.85500000e+03 1.85900000e+03
 1.81100000e+03 1.81300000e+03 1.81500000e+03 1.80800000e+03 1.84500000e+03 1.83300000e+03 4.09500000e+03 1.84000000e+03 1.86100000e+03 1.89500000e+03 1.85300000e+03 1.86300000e+03
 1.81300000e+03 1.81300000e+03 1.81500000e+03 1.80900000e+03 1.84700000e+03 1.83000000e+03 4.09500000e+03 1.84000000e+03 1.86300000e+03 1.89500000e+03 1.85300000e+03 1.86100000e+03
 1.81100000e+03 1.81300000e+03 1.82200000e+03 1.80800000e+03 1.84300000e+03 1.83300000e+03 4.09500000e+03 1.84000000e+03 1.86700000e+03 1.89400000e+03 1.84900000e+03 1.86600000e+03
 1.81100000e+03 1.81300000e+03 1.81800000e+03 1.80900000e+03 1.84300000e+03 1.83300000e+03 4.09500000e+03 1.84000000e+03 1.86100000e+03 1.89500000e+03 1.85200000e+03 1.86300000e+03
 1.81300000e+03 1.81100000e+03 1.81500000e+03 1.80800000e+03 1.84700000e+03 1.83400000e+03 4.09500000e+03 1.84000000e+03 1.86300000e+03 1.89400000e+03 1.85500000e+03 1.86200000e+03
 1.81100000e+03 1.81100000e+03 1.81400000e+03 1.80800000e+03 1.84400000e+03 1.83100000e+03 4.09500000e+03 1.84000000e+03 1.86200000e+03 1.89500000e+03 1.85300000e+03 1.86200000e+03
 1.81300000e+03 1.81400000e+03 1.81700000e+03 1.80800000e+03 1.84300000e+03 1.83300000e+03 4.09500000e+03 1.84100000e+03 1.86200000e+03 1.89300000e+03 1.85300000e+03 1.86100000e+03
 1.81100000e+03 1.81100000e+03 1.81400000e+03 1.80800000e+03 1.85000000e+03 1.83100000e+03 4.09500000e+03 1.84000000e+03 1.86300000e+03 1.89900000e+03 1.85400000e+03 1.88900000e+03
 1.81500000e+03 1.81400000e+03 1.81400000e+03 1.80800000e+03 1.84500000e+03 1.83300000e+03 4.09500000e+03 1.84000000e+03 1.86100000e+03 1.89800000e+03 1.85100000e+03 1.86100000e+03
 1.81500000e+03 1.81300000e+03 1.81500000e+03 1.80800000e+03 1.84300000e+03 1.83700000e+03 4.09500000e+03 1.83900000e+03 1.86200000e+03 1.89900000e+03 1.85100000e+03 1.86500000e+03
 1.81100000e+03 1.81300000e+03 1.81700000e+03 1.80900000e+03 1.84700000e+03 1.83500000e+03 4.09500000e+03 1.84000000e+03 1.86100000e+03 1.89500000e+03 1.85100000e+03 1.86100000e+03
 1.81300000e+03 1.81300000e+03 1.81700000e+03 1.81000000e+03 1.84600000e+03 1.83500000e+03 4.09500000e+03 1.84000000e+03 1.86200000e+03 1.89900000e+03 1.85100000e+03 1.86100000e+03
 1.81300000e+03 1.81100000e+03 1.81500000e+03 1.80800000e+03 1.84200000e+03 1.83100000e+03 4.09500000e+03 1.84000000e+03 1.86000000e+03 1.89400000e+03 1.85000000e+03 1.85900000e+03
 1.81100000e+03 1.81300000e+03 1.81900000e+03 1.80800000e+03 1.84600000e+03 1.83400000e+03 4.09500000e+03 1.83900000e+03 1.87000000e+03 1.88100000e+03 1.85300000e+03 1.86100000e+03
 1.81100000e+03 1.81100000e+03 1.81700000e+03 1.80800000e+03 1.84600000e+03 1.83000000e+03 4.09500000e+03 1.84000000e+03 1.86300000e+03 1.89400000e+03 1.85100000e+03 1.85900000e+03
 1.81100000e+03 1.81000000e+03 1.81800000e+03 1.80800000e+03 1.84600000e+03 1.83100000e+03 4.09500000e+03 1.84000000e+03 1.86400000e+03 1.89400000e+03 1.85000000e+03 1.86200000e+03
 1.81500000e+03 1.81100000e+03 1.81500000e+03 1.80800000e+03 1.84400000e+03 1.83500000e+03 4.09500000e+03 1.84000000e+03 1.86100000e+03 1.89400000e+03 1.85100000e+03 1.86500000e+03
 1.81500000e+03 1.81200000e+03 1.81500000e+03 1.80800000e+03 1.84700000e+03 1.83400000e+03 4.09500000e+03 1.84000000e+03 1.86300000e+03 1.89500000e+03 1.85300000e+03 1.86600000e+03
 1.81300000e+03 1.81500000e+03 1.81900000e+03 1.80800000e+03 1.84600000e+03 1.83400000e+03 4.09500000e+03 1.84100000e+03 1.86100000e+03 1.89400000e+03 1.85200000e+03 1.86100000e+03
 1.81100000e+03 1.81100000e+03 1.81800000e+03 1.80800000e+03 1.84400000e+03 1.83100000e+03 4.09500000e+03 1.84000000e+03 1.86100000e+03 1.89500000e+03 1.85100000e+03 1.86100000e+03
 1.81500000e+03 1.81400000e+03 1.81800000e+03 1.80900000e+03 1.84700000e+03 1.83300000e+03 4.09500000e+03 1.83900000e+03 1.86300000e+03 1.89500000e+03 1.85300000e+03 1.86100000e+03
 1.81000000e+03 1.81300000e+03 1.81700000e+03 1.80800000e+03 1.84700000e+03 1.83100000e+03 4.09500000e+03 1.84000000e+03 1.86100000e+03 1.89300000e+03 1.85300000e+03 1.86200000e+03
 1.81400000e+03 1.81200000e+03 1.81700000e+03 1.80900000e+03 1.84300000e+03 1.83300000e+03 4.09500000e+03 1.84000000e+03 1.86200000e+03 1.89800000e+03 1.85000000e+03 1.86100000e+03
 1.81300000e+03 1.81100000e+03 1.81500000e+03 1.80900000e+03 1.84500000e+03 1.83000000e+03 4.09500000e+03 1.84000000e+03 1.86100000e+03 1.89300000e+03 1.85000000e+03 1.85900000e+03
 1.81100000e+03 1.81100000e+03 1.81900000e+03 1.81200000e+03 1.84500000e+03 1.82900000e+03 4.09500000e+03 1.84000000e+03 1.86100000e+03 1.89800000e+03 1.85100000e+03 1.86200000e+03
 1.81400000e+03 1.81400000e+03 1.81800000e+03 1.80900000e+03 1.85000000e+03 1.82900000e+03 4.09500000e+03 1.84000000e+03 1.86000000e+03 1.89500000e+03 1.85100000e+03 1.85900000e+03
 1.81400000e+03 1.81100000e+03 1.81700000e+03 1.80800000e+03 1.84300000e+03 1.83100000e+03 4.09500000e+03 1.84000000e+03 1.86100000e+03 1.89500000e+03 1.85100000e+03 1.86100000e+03
 1.81800000e+03 1.81100000e+03 1.81500000e+03 1.80800000e+03 1.84300000e+03 1.83100000e+03 4.09500000e+03 1.83900000e+03 1.86100000e+03 1.89500000e+03 1.85000000e+03 1.86300000e+03
 1.81300000e+03 1.81400000e+03 1.81500000e+03 1.80900000e+03 1.84600000e+03 1.83500000e+03 4.09500000e+03 1.84000000e+03 1.86100000e+03 1.89400000e+03 1.85300000e+03 1.86500000e+03
 1.81500000e+03 1.81200000e+03 1.81500000e+03 1.80800000e+03 1.84400000e+03 1.83000000e+03 4.09500000e+03 1.84000000e+03 1.85900000e+03 1.89400000e+03 1.85500000e+03 1.86300000e+03
 1.81300000e+03 1.81100000e+03 1.81500000e+03 1.81000000e+03 1.84400000e+03 1.83000000e+03 4.09500000e+03 1.84000000e+03 1.86100000e+03 1.90000000e+03 1.85100000e+03 1.86000000e+03
 1.81100000e+03 1.81300000e+03 1.81700000e+03 1.80900000e+03 1.84300000e+03 1.83100000e+03 4.09500000e+03 1.83900000e+03 1.86100000e+03 1.89300000e+03 1.85200000e+03 1.86100000e+03
 1.81100000e+03 1.81400000e+03 1.81700000e+03 1.80800000e+03 1.84300000e+03 1.83000000e+03 4.09500000e+03 1.84000000e+03 1.86100000e+03 1.89500000e+03 1.85100000e+03 1.86100000e+03
 1.81400000e+03 1.81000000e+03 1.81700000e+03 1.80800000e+03 1.84700000e+03 1.83000000e+03 4.09500000e+03 1.84000000e+03 1.86200000e+03 1.89500000e+03 1.85300000e+03 1.86300000e+03
 1.81300000e+03 1.81100000e+03 1.82100000e+03 1.81100000e+03 1.84600000e+03 1.83100000e+03 4.09500000e+03 1.84000000e+03 1.86300000e+03 1.89500000e+03 1.85300000e+03 1.86100000e+03
 1.81700000e+03 1.81100000e+03 1.81700000e+03 1.81000000e+03 1.84400000e+03 1.83300000e+03 4.09500000e+03 1.84000000e+03 1.86300000e+03 1.89900000e+03 1.85200000e+03 1.86100000e+03
 1.81100000e+03 1.81200000e+03 1.81400000e+03 1.81100000e+03 1.84400000e+03 1.83100000e+03 4.09500000e+03 1.84000000e+03 1.86300000e+03 1.89500000e+03 1.85200000e+03 1.86300000e+03
 1.81700000e+03 1.81100000e+03 1.81700000e+03 1.80900000e+03 1.84800000e+03 1.83000000e+03 4.09500000e+03 1.83900000e+03 1.86200000e+03 1.89800000e+03 1.85400000e+03 1.85900000e+03
 1.81100000e+03 1.81400000e+03 1.81500000e+03 1.80900000e+03 1.84600000e+03 1.83400000e+03 4.09500000e+03 1.84200000e+03 1.86100000e+03 1.89400000e+03 1.85100000e+03 1.86300000e+03
 1.81400000e+03 1.81300000e+03 1.81900000e+03 1.81000000e+03 1.84500000e+03 1.83400000e+03 4.09500000e+03 1.84000000e+03 1.86300000e+03 1.89800000e+03 1.85200000e+03 1.86000000e+03
 1.81200000e+03 1.81300000e+03 1.81700000e+03 1.80800000e+03 1.84700000e+03 1.83300000e+03 4.09500000e+03 1.84000000e+03 1.86200000e+03 1.89200000e+03 1.85300000e+03 1.86100000e+03
 1.81300000e+03 1.81500000e+03 1.81700000e+03 1.80900000e+03 1.84600000e+03 1.83100000e+03 4.09500000e+03 1.84000000e+03 1.85900000e+03 1.89600000e+03 1.84900000e+03 1.86100000e+03
 1.81100000e+03 1.81400000e+03 1.81700000e+03 1.80800000e+03 1.84300000e+03 1.83000000e+03 4.09500000e+03 1.83800000e+03 1.86100000e+03 1.89500000e+03 1.85300000e+03 1.85900000e+03
 1.81100000e+03 1.81100000e+03 1.81500000e+03 1.80900000e+03 1.84000000e+03 1.83400000e+03 4.09500000e+03 1.83900000e+03 1.86000000e+03 1.89500000e+03 1.85300000e+03 1.86300000e+03
 1.81200000e+03 1.80900000e+03 1.81700000e+03 1.80600000e+03 1.84600000e+03 1.83400000e+03 4.09500000e+03 1.84000000e+03 1.86200000e+03 1.89500000e+03 1.85100000e+03 1.85800000e+03
 1.82300000e+03 1.81300000e+03 1.81800000e+03 1.80900000e+03 1.84500000e+03 1.83400000e+03 4.09500000e+03 1.84000000e+03 1.86100000e+03 1.89700000e+03 1.85000000e+03 1.86300000e+03
 1.81300000e+03 1.81300000e+03 1.81700000e+03 1.81000000e+03 1.84600000e+03 1.83100000e+03 4.09500000e+03 1.84000000e+03 1.86100000e+03 1.89800000e+03 1.85100000e+03 1.86100000e+03
 1.81100000e+03 1.81200000e+03 1.81500000e+03 1.80800000e+03 1.84500000e+03 1.83100000e+03 4.09500000e+03 1.83900000e+03 1.86200000e+03 1.89500000e+03 1.85000000e+03 1.86200000e+03
 1.81300000e+03 1.81300000e+03 1.81900000e+03 1.80800000e+03 1.84300000e+03 1.83300000e+03 4.09500000e+03 1.84000000e+03 1.86300000e+03 1.89300000e+03 1.85000000e+03 1.86300000e+03
 1.81100000e+03 1.81100000e+03 1.81800000e+03 1.80900000e+03 1.84600000e+03 1.83000000e+03 4.09500000e+03 1.84000000e+03 1.86300000e+03 1.89700000e+03 1.85300000e+03 1.85900000e+03
 1.81300000e+03 1.81300000e+03 1.81700000e+03 1.80900000e+03 1.84500000e+03 1.83300000e+03 4.09500000e+03 1.84000000e+03 1.86300000e+03 1.89800000e+03 1.85100000e+03 1.86300000e+03
 1.81100000e+03 1.81300000e+03 1.81700000e+03 1.80800000e+03 1.84600000e+03 1.83100000e+03 4.09500000e+03 1.84000000e+03 1.86100000e+03 1.89500000e+03 1.85300000e+03 1.86100000e+03
 1.81300000e+03 1.81200000e+03 1.81700000e+03 1.80800000e+03 1.84500000e+03 1.83500000e+03 4.09500000e+03 1.84000000e+03 1.86200000e+03 1.89700000e+03 1.85300000e+03 1.86300000e+03
 1.81300000e+03 1.81300000e+03 1.81700000e+03 1.80800000e+03 1.84500000e+03 1.83500000e+03 4.09500000e+03 1.84000000e+03 1.86100000e+03 1.89400000e+03 1.85100000e+03 1.86200000e+03
 1.81400000e+03 1.81100000e+03 1.82000000e+03 1.84600000e+03 1.86600000e+03 1.80800000e+03 4.09500000e+03 1.84000000e+03 1.86100000e+03 1.89500000e+03 1.85100000e+03 1.86300000e+03
 1.81200000e+03 1.81300000e+03 1.81800000e+03 1.80900000e+03 1.84300000e+03 1.83400000e+03 4.09500000e+03 1.84000000e+03 1.86200000e+03 1.89400000e+03 1.85100000e+03 1.86100000e+03
 1.81300000e+03 1.81500000e+03 1.81700000e+03 1.80800000e+03 1.84500000e+03 1.83000000e+03 4.09500000e+03 1.84200000e+03 1.86000000e+03 1.89700000e+03 1.85100000e+03 1.86200000e+03
 1.81400000e+03 1.81300000e+03 1.81700000e+03 1.80800000e+03 1.84500000e+03 1.82900000e+03 4.09500000e+03 1.84000000e+03 1.86200000e+03 1.89500000e+03 1.85100000e+03 1.86100000e+03
 1.81100000e+03 1.81200000e+03 1.81500000e+03 1.80800000e+03 1.84500000e+03 1.83300000e+03 4.09500000e+03 1.83900000e+03 1.86100000e+03 1.89500000e+03 1.85200000e+03 1.86200000e+03
 1.81100000e+03 1.81200000e+03 1.81700000e+03 1.80800000e+03 1.84300000e+03 1.83100000e+03 4.09500000e+03 1.83900000e+03 1.86100000e+03 1.89400000e+03 1.85100000e+03 1.86100000e+03
 1.81400000e+03 1.81500000e+03 1.81500000e+03 1.80900000e+03 1.84600000e+03 1.83300000e+03 4.09500000e+03 1.84100000e+03 1.86100000e+03 1.89500000e+03 1.85100000e+03 1.86100000e+03
 1.81000000e+03 1.81400000e+03 1.81700000e+03 1.81000000e+03 1.84900000e+03 1.83300000e+03 4.09500000e+03 1.84000000e+03 1.86300000e+03 1.89700000e+03 1.85400000e+03 1.86100000e+03
 1.81500000e+03 1.81200000e+03 1.81700000e+03 1.80800000e+03 1.84500000e+03 1.83100000e+03 4.09500000e+03 1.84000000e+03 1.86100000e+03 1.89400000e+03 1.85300000e+03 1.86200000e+03
 1.81300000e+03 1.81500000e+03 1.81500000e+03 1.80900000e+03 1.84500000e+03 1.83100000e+03 4.09500000e+03 1.83900000e+03 1.86000000e+03 1.89500000e+03 1.85100000e+03 1.86200000e+03
 1.81100000e+03 1.81100000e+03 1.81500000e+03 1.80900000e+03 1.84400000e+03 1.83300000e+03 4.09500000e+03 1.84000000e+03 1.86200000e+03 1.89700000e+03 1.85100000e+03 1.86300000e+03
 1.81400000e+03 1.81300000e+03 1.81600000e+03 1.80800000e+03 1.84600000e+03 1.82900000e+03 4.09500000e+03 1.83900000e+03 1.86200000e+03 1.89500000e+03 1.85200000e+03 1.86200000e+03
 1.81100000e+03 1.81000000e+03 1.81800000e+03 1.80800000e+03 1.84600000e+03 1.83000000e+03 4.09500000e+03 1.83900000e+03 1.86200000e+03 1.89400000e+03 1.85500000e+03 1.86100000e+03
 1.81100000e+03 1.81100000e+03 1.81400000e+03 1.80800000e+03 1.84500000e+03 1.83000000e+03 4.09500000e+03 1.84000000e+03 1.86100000e+03 1.89700000e+03 1.85100000e+03 1.85900000e+03
 1.81100000e+03 1.81300000e+03 1.81500000e+03 1.80800000e+03 1.84500000e+03 1.83100000e+03 4.09500000e+03 1.83900000e+03 1.86100000e+03 1.89500000e+03 1.85300000e+03 1.86200000e+03
 1.81300000e+03 1.81300000e+03 1.81800000e+03 1.80800000e+03 1.84500000e+03 1.83400000e+03 4.09500000e+03 1.84000000e+03 1.86100000e+03 1.89400000e+03 1.85000000e+03 1.86200000e+03
 1.81700000e+03 1.81700000e+03 1.81400000e+03 1.80800000e+03 1.84600000e+03 1.83300000e+03 4.09500000e+03 1.84100000e+03 1.86300000e+03 1.89500000e+03 1.85300000e+03 1.86300000e+03
 1.81100000e+03 1.81300000e+03 1.81700000e+03 1.80800000e+03 1.84700000e+03 1.83300000e+03 4.09500000e+03 1.84000000e+03 1.86100000e+03 1.89300000e+03 1.85000000e+03 1.86300000e+03
 1.81100000e+03 1.81300000e+03 1.81700000e+03 1.81000000e+03 1.84200000e+03 1.83100000e+03 4.09500000e+03 1.84000000e+03 1.86100000e+03 1.89800000e+03 1.85300000e+03 1.86300000e+03
 1.81100000e+03 1.81100000e+03 1.81700000e+03 1.80900000e+03 1.84600000e+03 1.83500000e+03 4.09500000e+03 1.84000000e+03 1.86000000e+03 1.89700000e+03 1.85100000e+03 1.86300000e+03
 1.81700000e+03 1.81400000e+03 1.81500000e+03 1.80800000e+03 1.84700000e+03 1.83400000e+03 4.09500000e+03 1.84100000e+03 1.86300000e+03 1.89400000e+03 1.85100000e+03 1.86200000e+03
 1.81900000e+03 1.81700000e+03 1.81900000e+03 1.80800000e+03 1.84500000e+03 1.82900000e+03 4.09500000e+03 1.84000000e+03 1.86100000e+03 1.89700000e+03 1.85100000e+03 1.86300000e+03
 1.81200000e+03 1.81300000e+03 1.81700000e+03 1.80900000e+03 1.84300000e+03 1.83100000e+03 4.09500000e+03 1.84000000e+03 1.86100000e+03 1.89500000e+03 1.85100000e+03 1.86100000e+03
 1.81100000e+03 1.81100000e+03 1.81600000e+03 1.80900000e+03 1.84500000e+03 1.82100000e+03 4.09500000e+03 1.84000000e+03 1.86300000e+03 1.89500000e+03 1.85000000e+03 1.86200000e+03
 1.81700000e+03 1.82500000e+03 1.81000000e+03 1.80200000e+03 1.84700000e+03 1.83300000e+03 4.09500000e+03 1.84000000e+03 1.86200000e+03 1.89300000e+03 1.85100000e+03 1.86100000e+03
 1.81300000e+03 1.81300000e+03 1.81500000e+03 1.81700000e+03 1.84600000e+03 1.84000000e+03 4.09500000e+03 1.84000000e+03 1.86100000e+03 1.89400000e+03 1.85400000e+03 1.86000000e+03
 1.78100000e+03 1.81300000e+03 1.81700000e+03 1.80800000e+03 1.84500000e+03 1.83800000e+03 4.09500000e+03 1.83900000e+03 1.86200000e+03 1.92100000e+03 1.84200000e+03 1.86700000e+03
 1.81300000e+03 1.81500000e+03 1.81800000e+03 1.81100000e+03 1.84500000e+03 1.83400000e+03 4.09500000e+03 1.84000000e+03 1.86300000e+03 1.89700000e+03 1.85000000e+03 1.86200000e+03
 1.81200000e+03 1.81700000e+03 1.81700000e+03 1.81000000e+03 1.84300000e+03 1.83800000e+03 4.09500000e+03 1.84200000e+03 1.86100000e+03 1.89500000e+03 1.85100000e+03 1.86800000e+03
 1.81300000e+03 1.81400000e+03 1.80700000e+03 1.82100000e+03 1.85800000e+03 1.82900000e+03 4.09500000e+03 1.84200000e+03 1.85900000e+03 1.89300000e+03 1.85300000e+03 1.86000000e+03
 1.81400000e+03 1.81500000e+03 1.81800000e+03 1.80800000e+03 1.84500000e+03 1.84000000e+03 4.09500000e+03 1.84000000e+03 1.86100000e+03 1.89700000e+03 1.85100000e+03 1.86100000e+03
 1.81800000e+03 1.78700000e+03 1.81500000e+03 1.80800000e+03 1.84600000e+03 1.83400000e+03 4.09500000e+03 1.83800000e+03 1.86100000e+03 1.89300000e+03 1.85200000e+03 1.86800000e+03
 1.81300000e+03 1.81300000e+03 1.82100000e+03 1.80900000e+03 1.84400000e+03 1.83400000e+03 4.09500000e+03 1.83900000e+03 1.86300000e+03 1.88900000e+03 1.84200000e+03 1.86100000e+03
 1.80900000e+03 1.81800000e+03 1.81700000e+03 1.80800000e+03 1.84500000e+03 1.83400000e+03 4.09500000e+03 1.84100000e+03 1.86000000e+03 1.89100000e+03 1.85000000e+03 1.85800000e+03
 1.81100000e+03 1.81000000e+03 1.81500000e+03 1.81100000e+03 1.84900000e+03 1.83900000e+03 4.09500000e+03 1.83900000e+03 1.85900000e+03 1.89400000e+03 1.85300000e+03 1.86200000e+03
 1.81100000e+03 1.84900000e+03 1.81900000e+03 1.79200000e+03 1.83900000e+03 1.83400000e+03 4.09500000e+03 1.83700000e+03 1.85900000e+03 1.89400000e+03 1.85300000e+03 1.86200000e+03
 1.82400000e+03 1.81100000e+03 1.82700000e+03 1.79700000e+03 1.84700000e+03 1.83100000e+03 4.09500000e+03 1.83800000e+03 1.86200000e+03 1.89500000e+03 1.85500000e+03 1.86100000e+03
 1.81200000e+03 1.81100000e+03 1.81700000e+03 1.80800000e+03 1.84700000e+03 1.83100000e+03 4.09500000e+03 1.83500000e+03 1.85100000e+03 1.90100000e+03 1.84000000e+03 1.87200000e+03
 1.81200000e+03 1.81400000e+03 1.81700000e+03 1.80800000e+03 1.84300000e+03 1.83500000e+03 4.09500000e+03 1.84000000e+03 1.86300000e+03 1.89400000e+03 1.85000000e+03 1.86600000e+03
 1.81500000e+03 1.81300000e+03 1.81800000e+03 1.80800000e+03 1.84500000e+03 1.83000000e+03 4.09500000e+03 1.84000000e+03 1.86200000e+03 1.89600000e+03 1.85000000e+03 1.85800000e+03
 1.81400000e+03 1.81100000e+03 1.81700000e+03 1.80800000e+03 1.84900000e+03 1.83000000e+03 4.09500000e+03 1.83900000e+03 1.86200000e+03 1.89500000e+03 1.85300000e+03 1.86200000e+03
 1.81300000e+03 1.81200000e+03 1.81700000e+03 1.80800000e+03 1.84500000e+03 1.82900000e+03 4.09500000e+03 1.83900000e+03 1.86200000e+03 1.89400000e+03 1.84900000e+03 1.85900000e+03
 1.81100000e+03 1.81200000e+03 1.81400000e+03 1.80800000e+03 1.84300000e+03 1.83000000e+03 4.09500000e+03 1.84000000e+03 1.86300000e+03 1.89400000e+03 1.85100000e+03 1.86300000e+03
 1.81100000e+03 1.81400000e+03 1.81500000e+03 1.80800000e+03 1.84500000e+03 1.83100000e+03 4.09500000e+03 1.84000000e+03 1.86100000e+03 1.89400000e+03 1.85400000e+03 1.86200000e+03
 1.81500000e+03 1.81100000e+03 1.81500000e+03 1.81300000e+03 1.84600000e+03 1.83000000e+03 4.09500000e+03 1.84000000e+03 1.86100000e+03 1.89900000e+03 1.85100000e+03 1.86300000e+03
 1.81800000e+03 1.81400000e+03 1.81500000e+03 1.80800000e+03 1.84300000e+03 1.83200000e+03 4.09500000e+03 1.84000000e+03 1.86500000e+03 1.89700000e+03 1.85300000e+03 1.86200000e+03
 1.81300000e+03 1.81400000e+03 1.81900000e+03 1.80900000e+03 1.84300000e+03 1.83100000e+03 4.09500000e+03 1.84000000e+03 1.86100000e+03 1.89500000e+03 1.85000000e+03 1.86200000e+03
 1.81100000e+03 1.81300000e+03 1.81800000e+03 1.80800000e+03 1.84300000e+03 1.83400000e+03 4.09500000e+03 1.84000000e+03 1.86100000e+03 1.89400000e+03 1.85300000e+03 1.86200000e+03
 1.81300000e+03 1.81100000e+03 1.81500000e+03 1.80900000e+03 1.84700000e+03 1.82700000e+03 4.09500000e+03 1.84000000e+03 1.86300000e+03 1.89400000e+03 1.85500000e+03 1.86000000e+03
 1.81700000e+03 1.81100000e+03 1.81900000e+03 1.80900000e+03 1.84600000e+03 1.83100000e+03 4.09500000e+03 1.84000000e+03 1.86300000e+03 1.89500000e+03 1.85200000e+03 1.86200000e+03
 1.81500000e+03 1.81300000e+03 1.81500000e+03 1.80800000e+03 1.84900000e+03 1.83600000e+03 4.09500000e+03 1.83800000e+03 1.86200000e+03 1.89900000e+03 1.85100000e+03 1.86800000e+03
 1.81300000e+03 1.81300000e+03 1.81900000e+03 1.81000000e+03 1.84700000e+03 1.83500000e+03 4.09500000e+03 1.84000000e+03 1.86200000e+03 1.89700000e+03 1.85500000e+03 1.86200000e+03
 1.81300000e+03 1.81300000e+03 1.81500000e+03 1.80800000e+03 1.84700000e+03 1.83400000e+03 4.09500000e+03 1.84000000e+03 1.86200000e+03 1.89500000e+03 1.85400000e+03 1.86200000e+03
 1.81100000e+03 1.81000000e+03 1.81700000e+03 1.80800000e+03 1.84600000e+03 1.83100000e+03 4.09500000e+03 1.84000000e+03 1.86200000e+03 1.89400000e+03 1.85300000e+03 1.86300000e+03
 1.81400000e+03 1.81300000e+03 1.81800000e+03 1.81100000e+03 1.84700000e+03 1.83500000e+03 4.09500000e+03 1.83900000e+03 1.86200000e+03 1.89700000e+03 1.85500000e+03 1.86200000e+03
 1.81100000e+03 1.81100000e+03 1.82100000e+03 1.80800000e+03 1.84900000e+03 1.83800000e+03 4.09500000e+03 1.83900000e+03 1.86300000e+03 1.89100000e+03 1.85500000e+03 1.86600000e+03
 1.81100000e+03 1.81800000e+03 1.81900000e+03 1.80800000e+03 1.84700000e+03 1.83000000e+03 4.09500000e+03 1.84100000e+03 1.86500000e+03 1.89800000e+03 1.85100000e+03 1.86200000e+03
 1.81300000e+03 1.81500000e+03 1.81500000e+03 1.80900000e+03 1.84700000e+03 1.83100000e+03 4.09500000e+03 1.84000000e+03 1.86200000e+03 1.89900000e+03 1.85100000e+03 1.86400000e+03
 1.81500000e+03 1.81300000e+03 1.81700000e+03 1.80900000e+03 1.84300000e+03 1.83100000e+03 4.09500000e+03 1.84000000e+03 1.86100000e+03 1.89900000e+03 1.85100000e+03 1.86100000e+03
 1.81100000e+03 1.81200000e+03 1.81700000e+03 1.80800000e+03 1.84500000e+03 1.83800000e+03 4.09500000e+03 1.84000000e+03 1.86100000e+03 1.89500000e+03 1.85200000e+03 1.86300000e+03
 1.81100000e+03 1.81100000e+03 1.82200000e+03 1.80800000e+03 1.84600000e+03 1.83100000e+03 4.09500000e+03 1.84000000e+03 1.86700000e+03 1.89400000e+03 1.85300000e+03 1.86100000e+03
 1.81400000e+03 1.81300000e+03 1.81500000e+03 1.81000000e+03 1.84700000e+03 1.83400000e+03 4.09500000e+03 1.82700000e+03 1.85900000e+03 1.90400000e+03 1.85000000e+03 1.85100000e+03
 1.81300000e+03 1.81500000e+03 1.81300000e+03 1.80800000e+03 1.84500000e+03 1.83500000e+03 4.09500000e+03 1.86600000e+03 1.84300000e+03 1.86100000e+03 1.85200000e+03 1.85500000e+03
 1.81300000e+03 1.81300000e+03 1.81800000e+03 1.80900000e+03 1.84700000e+03 1.83400000e+03 4.09500000e+03 1.84100000e+03 1.85900000e+03 1.89100000e+03 1.85300000e+03 1.86100000e+03
 1.81300000e+03 1.81100000e+03 1.81500000e+03 1.80800000e+03 1.84500000e+03 1.83100000e+03 4.09500000e+03 1.83900000e+03 1.86100000e+03 1.89400000e+03 1.85100000e+03 1.86300000e+03
 1.81100000e+03 1.81300000e+03 1.81500000e+03 1.80800000e+03 1.84300000e+03 1.83300000e+03 4.09500000e+03 1.84000000e+03 1.86200000e+03 1.89400000e+03 1.85300000e+03 1.86300000e+03
 1.81500000e+03 1.81400000e+03 1.81400000e+03 1.81100000e+03 1.84500000e+03 1.83100000e+03 4.09500000e+03 1.84100000e+03 1.86100000e+03 1.89900000e+03 1.85100000e+03 1.86100000e+03
 1.81500000e+03 1.81600000e+03 1.81900000e+03 1.80900000e+03 1.84500000e+03 1.83400000e+03 4.09500000e+03 1.84000000e+03 1.86600000e+03 1.87200000e+03 1.83500000e+03 1.86200000e+03
 1.81700000e+03 1.81400000e+03 1.81500000e+03 1.80900000e+03 1.84700000e+03 1.83400000e+03 4.09500000e+03 1.83900000e+03 1.85400000e+03 1.89300000e+03 1.83300000e+03 1.88500000e+03
 1.81500000e+03 1.81400000e+03 1.81700000e+03 1.80900000e+03 1.84600000e+03 1.83100000e+03 4.09500000e+03 1.84000000e+03 1.86200000e+03 1.89300000e+03 1.85100000e+03 1.86000000e+03
 1.81300000e+03 1.81100000e+03 1.81500000e+03 1.80800000e+03 1.84700000e+03 1.83500000e+03 4.09500000e+03 1.84000000e+03 1.86000000e+03 1.89500000e+03 1.85000000e+03 1.86300000e+03
 1.81200000e+03 1.81300000e+03 1.81900000e+03 1.80900000e+03 1.84400000e+03 1.83100000e+03 4.09500000e+03 1.83900000e+03 1.86100000e+03 1.89800000e+03 1.85200000e+03 1.85100000e+03
 1.81300000e+03 1.81100000e+03 1.81700000e+03 1.80800000e+03 1.84800000e+03 1.83300000e+03 4.09500000e+03 1.84000000e+03 1.86200000e+03 1.90200000e+03 1.85500000e+03 1.85900000e+03
 1.81300000e+03 1.81300000e+03 1.81800000e+03 1.80800000e+03 1.84300000e+03 1.83500000e+03 4.09500000e+03 1.83900000e+03 1.86200000e+03 1.89300000e+03 1.85000000e+03 1.86000000e+03
 1.81300000e+03 1.81400000e+03 1.81400000e+03 1.80800000e+03 1.84500000e+03 1.83700000e+03 4.09500000e+03 1.84000000e+03 1.86300000e+03 1.89500000e+03 1.85000000e+03 1.86600000e+03
 1.81100000e+03 1.81300000e+03 1.81900000e+03 1.80800000e+03 1.84500000e+03 1.83000000e+03 4.09500000e+03 1.83900000e+03 1.86300000e+03 1.89300000e+03 1.85100000e+03 1.86100000e+03
 1.81100000e+03 1.81300000e+03 1.81500000e+03 1.80900000e+03 1.84600000e+03 1.83400000e+03 4.09500000e+03 1.84000000e+03 1.86100000e+03 1.89800000e+03 1.85100000e+03 1.86300000e+03
 1.81000000e+03 1.81000000e+03 1.81500000e+03 1.81200000e+03 1.84700000e+03 1.83000000e+03 4.09500000e+03 1.83900000e+03 1.86000000e+03 1.89900000e+03 1.85000000e+03 1.86100000e+03
 1.81100000e+03 1.81200000e+03 1.81700000e+03 1.80800000e+03 1.84400000e+03 1.83100000e+03 4.09500000e+03 1.84000000e+03 1.86100000e+03 1.89400000e+03 1.85000000e+03 1.86100000e+03
 1.81300000e+03 1.81400000e+03 1.81500000e+03 1.80800000e+03 1.84400000e+03 1.83100000e+03 4.09500000e+03 1.84000000e+03 1.86100000e+03 1.89300000e+03 1.85100000e+03 1.85900000e+03
 1.81500000e+03 1.81300000e+03 1.81900000e+03 1.80900000e+03 1.85400000e+03 1.83200000e+03 4.09500000e+03 1.84000000e+03 1.86200000e+03 1.89500000e+03 1.85500000e+03 1.86100000e+03
 1.81200000e+03 1.81400000e+03 1.81800000e+03 1.81000000e+03 1.84500000e+03 1.83400000e+03 4.09500000e+03 1.84000000e+03 1.86000000e+03 1.89500000e+03 1.84900000e+03 1.86300000e+03
 1.81100000e+03 1.81400000e+03 1.81700000e+03 1.80800000e+03 1.85200000e+03 1.83300000e+03 4.09500000e+03 1.84000000e+03 1.86200000e+03 1.89500000e+03 1.85600000e+03 1.86200000e+03
 1.81300000e+03 1.81400000e+03 1.81900000e+03 1.80800000e+03 1.84700000e+03 1.83000000e+03 4.09500000e+03 1.83900000e+03 1.86300000e+03 1.89500000e+03 1.85300000e+03 1.85900000e+03
 1.81500000e+03 1.81400000e+03 1.81500000e+03 1.80800000e+03 1.84500000e+03 1.83400000e+03 4.09500000e+03 1.84000000e+03 1.86100000e+03 1.89500000e+03 1.85200000e+03 1.86200000e+03
 1.81100000e+03 1.81300000e+03 1.81500000e+03 1.80800000e+03 1.84300000e+03 1.83400000e+03 4.09500000e+03 1.84000000e+03 1.86300000e+03 1.89400000e+03 1.85100000e+03 1.86500000e+03
 1.81100000e+03 1.81400000e+03 1.81500000e+03 1.81000000e+03 1.84500000e+03 1.83600000e+03 4.09500000e+03 1.83900000e+03 1.86200000e+03 1.90100000e+03 1.85000000e+03 1.86300000e+03
 1.81200000e+03 1.81100000e+03 1.81500000e+03 1.80800000e+03 1.84700000e+03 1.83100000e+03 4.09500000e+03 1.83900000e+03 1.86000000e+03 1.89300000e+03 1.85000000e+03 1.85900000e+03
 1.81100000e+03 1.81200000e+03 1.81900000e+03 1.80800000e+03 1.84400000e+03 1.83100000e+03 4.09500000e+03 1.84000000e+03 1.86300000e+03 1.89500000e+03 1.84900000e+03 1.86200000e+03
 1.81300000e+03 1.81100000e+03 1.81800000e+03 1.81300000e+03 1.84600000e+03 1.83100000e+03 4.09500000e+03 1.84000000e+03 1.86300000e+03 1.89800000e+03 1.85000000e+03 1.86500000e+03
 1.81400000e+03 1.81200000e+03 1.81500000e+03 1.80900000e+03 1.84600000e+03 1.83100000e+03 4.09500000e+03 1.84000000e+03 1.86100000e+03 1.89500000e+03 1.85000000e+03 1.86200000e+03
 1.81300000e+03 1.81200000e+03 1.81500000e+03 1.80800000e+03 1.84500000e+03 1.83100000e+03 4.09500000e+03 1.84000000e+03 1.86200000e+03 1.89400000e+03 1.85300000e+03 1.86200000e+03
 1.81000000e+03 1.81100000e+03 1.81600000e+03 1.80800000e+03 1.84500000e+03 1.83100000e+03 4.09500000e+03 1.84000000e+03 1.86200000e+03 1.89500000e+03 1.85300000e+03 1.86200000e+03
 1.81300000e+03 1.81300000e+03 1.81900000e+03 1.81300000e+03 1.84900000e+03 1.83300000e+03 4.09500000e+03 1.83900000e+03 1.86600000e+03 1.90200000e+03 1.85300000e+03 1.86500000e+03
 1.81300000e+03 1.81000000e+03 1.81700000e+03 1.80900000e+03 1.84700000e+03 1.83000000e+03 4.09500000e+03 1.84000000e+03 1.85800000e+03 1.89400000e+03 1.85500000e+03 1.85900000e+03
 1.81100000e+03 1.81400000e+03 1.81500000e+03 1.81100000e+03 1.84200000e+03 1.83100000e+03 4.09500000e+03 1.83900000e+03 1.86100000e+03 1.89900000e+03 1.85100000e+03 1.86100000e+03
 1.81100000e+03 1.81100000e+03 1.81500000e+03 1.80900000e+03 1.84600000e+03 1.83000000e+03 4.09500000e+03 1.84000000e+03 1.86200000e+03 1.89400000e+03 1.85100000e+03 1.86200000e+03
 1.81300000e+03 1.81300000e+03 1.81700000e+03 1.81000000e+03 1.84700000e+03 1.83100000e+03 4.09500000e+03 1.84100000e+03 1.86300000e+03 1.89700000e+03 1.85300000e+03 1.86200000e+03
 1.81400000e+03 1.81100000e+03 1.81800000e+03 1.80900000e+03 1.84300000e+03 1.83400000e+03 4.09500000e+03 1.84000000e+03 1.86200000e+03 1.89700000e+03 1.85200000e+03 1.86200000e+03
 1.81500000e+03 1.81200000e+03 1.81900000e+03 1.80900000e+03 1.84300000e+03 1.83000000e+03 4.09500000e+03 1.84000000e+03 1.86300000e+03 1.89500000e+03 1.84900000e+03 1.86200000e+03
 1.81300000e+03 1.81100000e+03 1.81500000e+03 1.81000000e+03 1.84800000e+03 1.83100000e+03 4.09500000e+03 1.83700000e+03 1.86000000e+03 1.90000000e+03 1.85400000e+03 1.86000000e+03
 1.81400000e+03 1.81400000e+03 1.81500000e+03 1.81000000e+03 1.84400000e+03 1.83100000e+03 4.09500000e+03 1.84000000e+03 1.86100000e+03 1.89500000e+03 1.85000000e+03 1.86100000e+03
 1.81300000e+03 1.81000000e+03 1.81300000e+03 1.80800000e+03 1.85100000e+03 1.82900000e+03 4.09500000e+03 1.84000000e+03 1.86100000e+03 1.89300000e+03 1.85400000e+03 1.85900000e+03
 1.81000000e+03 1.81100000e+03 1.81800000e+03 1.80800000e+03 1.84600000e+03 1.83000000e+03 4.09500000e+03 1.84000000e+03 1.86100000e+03 1.89500000e+03 1.85100000e+03 1.86100000e+03
 1.81300000e+03 1.81000000e+03 1.81800000e+03 1.80800000e+03 1.84700000e+03 1.83000000e+03 4.09500000e+03 1.84000000e+03 1.86000000e+03 1.89500000e+03 1.85200000e+03 1.86300000e+03
 1.81400000e+03 1.81100000e+03 1.81700000e+03 1.80800000e+03 1.84300000e+03 1.83100000e+03 4.09500000e+03 1.84000000e+03 1.86100000e+03 1.89400000e+03 1.85300000e+03 1.86100000e+03
 1.81100000e+03 1.81400000e+03 1.81500000e+03 1.80800000e+03 1.84300000e+03 1.83000000e+03 4.09500000e+03 1.84000000e+03 1.86300000e+03 1.89400000e+03 1.85200000e+03 1.86100000e+03
 1.81100000e+03 1.81200000e+03 1.81500000e+03 1.81000000e+03 1.84700000e+03 1.83100000e+03 4.09500000e+03 1.84000000e+03 1.86200000e+03 1.89300000e+03 1.85400000e+03 1.85900000e+03
 1.81500000e+03 1.81400000e+03 1.81700000e+03 1.80800000e+03 1.85000000e+03 1.83400000e+03 4.09500000e+03 1.84000000e+03 1.86200000e+03 1.89500000e+03 1.85600000e+03 1.86300000e+03
 1.81300000e+03 1.81100000e+03 1.81900000e+03 1.80800000e+03 1.84500000e+03 1.83100000e+03 4.09500000e+03 1.84000000e+03 1.86600000e+03 1.89500000e+03 1.85300000e+03 1.85900000e+03
 1.81200000e+03 1.81400000e+03 1.81400000e+03 1.80800000e+03 1.84600000e+03 1.83100000e+03 4.09500000e+03 1.84000000e+03 1.86200000e+03 1.89900000e+03 1.85100000e+03 1.86200000e+03
 1.81100000e+03 1.81300000e+03 1.81400000e+03 1.80900000e+03 1.84600000e+03 1.83100000e+03 4.09500000e+03 1.84000000e+03 1.86100000e+03 1.89700000e+03 1.85100000e+03 1.86100000e+03
 1.81300000e+03 1.81100000e+03 1.81800000e+03 1.80800000e+03 1.84400000e+03 1.83500000e+03 4.09500000e+03 1.84000000e+03 1.86200000e+03 1.89500000e+03 1.85400000e+03 1.86600000e+03
 1.81500000e+03 1.81300000e+03 1.82000000e+03 1.80800000e+03 1.84900000e+03 1.83400000e+03 4.09500000e+03 1.84000000e+03 1.86600000e+03 1.89500000e+03 1.85100000e+03 1.85900000e+03
 1.81300000e+03 1.81400000e+03 1.81900000e+03 1.80900000e+03 1.84600000e+03 1.83500000e+03 4.09500000e+03 1.84000000e+03 1.86300000e+03 1.89500000e+03 1.85100000e+03 1.86700000e+03
 1.81600000e+03 1.81300000e+03 1.81500000e+03 1.81000000e+03 1.84200000e+03 1.83100000e+03 4.09500000e+03 1.83900000e+03 1.86300000e+03 1.89500000e+03 1.85200000e+03 1.86000000e+03
 1.81900000e+03 1.81100000e+03 1.81800000e+03 1.80900000e+03 1.84300000e+03 1.83100000e+03 4.09500000e+03 1.84000000e+03 1.86100000e+03 1.89700000e+03 1.85100000e+03 1.86100000e+03
 1.81100000e+03 1.81500000e+03 1.81800000e+03 1.81100000e+03 1.84500000e+03 1.83100000e+03 4.09500000e+03 1.84000000e+03 1.86300000e+03 1.89800000e+03 1.85100000e+03 1.85900000e+03
 1.81300000e+03 1.81100000e+03 1.81500000e+03 1.80800000e+03 1.84300000e+03 1.83100000e+03 4.09500000e+03 1.84000000e+03 1.86200000e+03 1.89400000e+03 1.85200000e+03 1.86200000e+03
 1.81400000e+03 1.81300000e+03 1.81700000e+03 1.80800000e+03 1.84500000e+03 1.83300000e+03 4.09500000e+03 1.84000000e+03 1.86500000e+03 1.89700000e+03 1.85300000e+03 1.86300000e+03
 1.81300000e+03 1.81300000e+03 1.82100000e+03 1.80800000e+03 1.84400000e+03 1.83300000e+03 4.09500000e+03 1.84000000e+03 1.86300000e+03 1.89300000e+03 1.85200000e+03 1.86200000e+03
 1.81200000e+03 1.81100000e+03 1.81700000e+03 1.80800000e+03 1.84600000e+03 1.83000000e+03 4.09500000e+03 1.84000000e+03 1.86000000e+03 1.89400000e+03 1.85100000e+03 1.85900000e+03
 1.81200000e+03 1.81100000e+03 1.81700000e+03 1.80800000e+03 1.84300000e+03 1.83000000e+03 4.09500000e+03 1.84000000e+03 1.86200000e+03 1.89400000e+03 1.85200000e+03 1.86100000e+03
 1.81300000e+03 1.81000000e+03 1.81700000e+03 1.80900000e+03 1.84600000e+03 1.83100000e+03 4.09500000e+03 1.84000000e+03 1.86300000e+03 1.89400000e+03 1.85100000e+03 1.86100000e+03
 1.81200000e+03 1.81100000e+03 1.81800000e+03 1.80800000e+03 1.84900000e+03 1.83400000e+03 4.09500000e+03 1.84000000e+03 1.86300000e+03 1.89600000e+03 1.85100000e+03 1.85900000e+03
 1.81400000e+03 1.81400000e+03 1.81700000e+03 1.80800000e+03 1.84300000e+03 1.83100000e+03 4.09500000e+03 1.83900000e+03 1.86000000e+03 1.89400000e+03 1.85100000e+03 1.85900000e+03
 1.81200000e+03 1.81500000e+03 1.81700000e+03 1.80800000e+03 1.84300000e+03 1.83100000e+03 4.09500000e+03 1.84000000e+03 1.86100000e+03 1.89500000e+03 1.85300000e+03 1.86100000e+03
 1.81500000e+03 1.81300000e+03 1.81700000e+03 1.80800000e+03 1.84300000e+03 1.83100000e+03 4.09500000e+03 1.84000000e+03 1.86300000e+03 1.89400000e+03 1.85100000e+03 1.86200000e+03
 1.81000000e+03 1.81300000e+03 1.81400000e+03 1.80800000e+03 1.84300000e+03 1.83100000e+03 4.09500000e+03 1.84000000e+03 1.86100000e+03 1.89300000e+03 1.85100000e+03 1.86200000e+03
 1.81400000e+03 1.81100000e+03 1.81700000e+03 1.80900000e+03 1.84500000e+03 1.83000000e+03 4.09500000e+03 1.84000000e+03 1.86200000e+03 1.89400000e+03 1.85200000e+03 1.86100000e+03
 1.81400000e+03 1.81000000e+03 1.81800000e+03 1.80800000e+03 1.84600000e+03 1.83300000e+03 4.09500000e+03 1.84000000e+03 1.86600000e+03 1.89400000e+03 1.85100000e+03 1.86500000e+03
 1.81300000e+03 1.81700000e+03 1.81500000e+03 1.81000000e+03 1.84600000e+03 1.83100000e+03 4.09500000e+03 1.84100000e+03 1.86000000e+03 1.89500000e+03 1.85200000e+03 1.86100000e+03
 1.81200000e+03 1.81300000e+03 1.81400000e+03 1.81000000e+03 1.84500000e+03 1.83300000e+03 4.09500000e+03 1.84000000e+03 1.86200000e+03 1.89500000e+03 1.85200000e+03 1.86300000e+03
 1.81300000e+03 1.81100000e+03 1.81900000e+03 1.80900000e+03 1.84700000e+03 1.83500000e+03 4.09500000e+03 1.84000000e+03 1.86100000e+03 1.89400000e+03 1.85100000e+03 1.86700000e+03
 1.81300000e+03 1.81100000e+03 1.81700000e+03 1.80800000e+03 1.84500000e+03 1.83700000e+03 4.09500000e+03 1.83900000e+03 1.86100000e+03 1.89400000e+03 1.85300000e+03 1.86500000e+03
 1.81000000e+03 1.81200000e+03 1.81500000e+03 1.81000000e+03 1.84500000e+03 1.83500000e+03 4.09500000e+03 1.83900000e+03 1.86300000e+03 1.89500000e+03 1.85300000e+03 1.86600000e+03
 1.81300000e+03 1.81200000e+03 1.81600000e+03 1.80800000e+03 1.84700000e+03 1.83300000e+03 4.09500000e+03 1.83900000e+03 1.86000000e+03 1.89700000e+03 1.85200000e+03 1.86200000e+03
 1.81500000e+03 1.81400000e+03 1.81800000e+03 1.80800000e+03 1.85000000e+03 1.83300000e+03 4.09500000e+03 1.84000000e+03 1.86100000e+03 1.89700000e+03 1.85400000e+03 1.86200000e+03
 1.81300000e+03 1.81300000e+03 1.81500000e+03 1.80800000e+03 1.84600000e+03 1.83300000e+03 4.09500000e+03 1.84000000e+03 1.86000000e+03 1.89500000e+03 1.85300000e+03 1.86300000e+03
 1.81100000e+03 1.81300000e+03 1.81400000e+03 1.80800000e+03 1.84300000e+03 1.83100000e+03 4.09500000e+03 1.84000000e+03 1.85900000e+03 1.89500000e+03 1.85100000e+03 1.86000000e+03
 1.81000000e+03 1.81100000e+03 1.81900000e+03 1.80800000e+03 1.84600000e+03 1.83000000e+03 4.09500000e+03 1.84000000e+03 1.86200000e+03 1.89500000e+03 1.85200000e+03 1.86200000e+03
 1.81300000e+03 1.81400000e+03 1.81800000e+03 1.81000000e+03 1.84300000e+03 1.83100000e+03 4.09500000e+03 1.84000000e+03 1.86100000e+03 1.89500000e+03 1.84700000e+03 1.86100000e+03
 0.00000000e+00 0.00000000e+00 0.00000000e+00 0.00000000e+00 0.00000000e+00 0.00000000e+00 0.00000000e+00 0.00000000e+00 0.00000000e+00 0.00000000e+00 0.00000000e+00 0.00000000e+00
 1.77100000e+03 1.81300000e+03 1.81700000e+03 1.80900000e+03 1.84800000e+03 1.83100000e+03 4.09500000e+03 1.84000000e+03 1.86300000e+03 1.89500000e+03 1.85300000e+03 1.86300000e+03
 1.81300000e+03 1.81300000e+03 1.81600000e+03 1.80900000e+03 1.84400000e+03 1.83200000e+03 4.09500000e+03 1.84000000e+03 1.86200000e+03 1.89700000e+03 1.85300000e+03 1.86200000e+03
 1.81400000e+03 1.81200000e+03 1.81700000e+03 1.81000000e+03 1.85000000e+03 1.83100000e+03 4.09500000e+03 1.84000000e+03 1.86200000e+03 1.89500000e+03 1.85500000e+03 1.86300000e+03
 1.81300000e+03 1.81400000e+03 1.81800000e+03 1.81300000e+03 1.84900000e+03 1.83100000e+03 4.09500000e+03 1.84000000e+03 1.86100000e+03 1.90100000e+03 1.85500000e+03 1.86300000e+03
 1.81300000e+03 1.81000000e+03 1.81800000e+03 1.79200000e+03 1.84600000e+03 1.83300000e+03 4.09500000e+03 1.83900000e+03 1.86500000e+03 1.89800000e+03 1.85300000e+03 1.86300000e+03
 1.81700000e+03 1.81400000e+03 1.81500000e+03 1.80800000e+03 1.84600000e+03 1.83100000e+03 4.09500000e+03 1.84000000e+03 1.86300000e+03 1.89700000e+03 1.85300000e+03 1.86200000e+03
 1.81400000e+03 1.81500000e+03 1.81900000e+03 1.81400000e+03 1.85100000e+03 1.83300000e+03 4.09500000e+03 1.84000000e+03 1.86700000e+03 1.90100000e+03 1.85400000e+03 1.86300000e+03
 1.81400000e+03 1.81300000e+03 1.81800000e+03 1.80900000e+03 1.84500000e+03 1.83500000e+03 4.09500000e+03 1.84000000e+03 1.86200000e+03 1.89400000e+03 1.85400000e+03 1.86300000e+03
 1.81800000e+03 1.81300000e+03 1.81800000e+03 1.80800000e+03 1.84500000e+03 1.83100000e+03 4.09500000e+03 1.84000000e+03 1.86300000e+03 1.89800000e+03 1.85500000e+03 1.86300000e+03
 1.81500000e+03 1.81500000e+03 1.81800000e+03 1.80900000e+03 1.88600000e+03 1.83100000e+03 4.09500000e+03 1.84000000e+03 1.86300000e+03 1.89800000e+03 1.85600000e+03 1.86300000e+03
 1.82500000e+03 1.83300000e+03 1.81200000e+03 1.81100000e+03 1.84700000e+03 1.83600000e+03 4.09500000e+03 1.84000000e+03 1.86500000e+03 1.89700000e+03 1.85400000e+03 1.86700000e+03
 1.81400000e+03 1.81300000e+03 1.82100000e+03 1.80900000e+03 1.84600000e+03 1.83700000e+03 4.09500000e+03 1.84000000e+03 1.86500000e+03 1.89800000e+03 1.85300000e+03 1.86600000e+03
 1.81300000e+03 1.81400000e+03 1.81800000e+03 1.80800000e+03 1.84700000e+03 1.83300000e+03 4.09500000e+03 1.84000000e+03 1.86100000e+03 1.89500000e+03 1.85300000e+03 1.86400000e+03
 1.81500000e+03 1.81300000e+03 1.82100000e+03 1.81200000e+03 1.84700000e+03 1.83500000e+03 4.09500000e+03 1.84000000e+03 1.86500000e+03 1.89800000e+03 1.85500000e+03 1.86600000e+03
 1.81300000e+03 1.81500000e+03 1.81900000e+03 1.81000000e+03 1.84700000e+03 1.83500000e+03 4.09500000e+03 1.84000000e+03 1.86500000e+03 1.89900000e+03 1.85300000e+03 1.86700000e+03
 1.81400000e+03 1.81100000e+03 1.82100000e+03 1.80900000e+03 1.84600000e+03 1.83600000e+03 4.09500000e+03 1.84000000e+03 1.86700000e+03 1.89700000e+03 1.85400000e+03 1.86300000e+03
 1.81500000e+03 1.81300000e+03 1.81800000e+03 1.81100000e+03 1.85000000e+03 1.83500000e+03 4.09500000e+03 1.84000000e+03 1.86500000e+03 1.89800000e+03 1.85300000e+03 1.86300000e+03
 1.81400000e+03 1.81400000e+03 1.81700000e+03 1.81000000e+03 1.84600000e+03 1.83100000e+03 4.09500000e+03 1.84000000e+03 1.86200000e+03 1.89900000e+03 1.85400000e+03 1.86100000e+03
 1.81500000e+03 1.81500000e+03 1.81800000e+03 1.81100000e+03 1.85000000e+03 1.83500000e+03 4.09500000e+03 1.84100000e+03 1.86600000e+03 1.89900000e+03 1.85500000e+03 1.86600000e+03
 1.81400000e+03 1.81100000e+03 1.81800000e+03 1.81100000e+03 1.84900000e+03 1.83400000e+03 4.09500000e+03 1.84000000e+03 1.86300000e+03 1.89800000e+03 1.85500000e+03 1.86200000e+03
 1.81400000e+03 1.81700000e+03 1.81900000e+03 1.81000000e+03 1.84500000e+03 1.83100000e+03 4.09500000e+03 1.84000000e+03 1.86500000e+03 1.89500000e+03 1.85300000e+03 1.86200000e+03
 1.81300000e+03 1.81400000e+03 1.81900000e+03 1.81200000e+03 1.84600000e+03 1.83300000e+03 4.09500000e+03 1.84000000e+03 1.86300000e+03 1.90000000e+03 1.85500000e+03 1.86200000e+03
 1.81100000e+03 1.81100000e+03 1.81900000e+03 1.81300000e+03 1.84600000e+03 1.83900000e+03 4.09500000e+03 1.84000000e+03 1.86500000e+03 1.89900000e+03 1.85400000e+03 1.86900000e+03
 1.81500000e+03 1.81700000e+03 1.82100000e+03 1.81200000e+03 1.84700000e+03 1.83300000e+03 4.09500000e+03 1.84100000e+03 1.86700000e+03 1.90100000e+03 1.85300000e+03 1.86300000e+03
 1.81400000e+03 1.81500000e+03 1.82000000e+03 1.81200000e+03 1.84700000e+03 1.83400000e+03 4.09500000e+03 1.84100000e+03 1.86500000e+03 1.90000000e+03 1.85500000e+03 1.86300000e+03
 1.81100000e+03 1.81700000e+03 1.81800000e+03 1.81300000e+03 1.84600000e+03 1.83300000e+03 4.09500000e+03 1.84000000e+03 1.86200000e+03 1.90200000e+03 1.85300000e+03 1.86300000e+03
 1.81300000e+03 1.81400000e+03 1.81800000e+03 1.81000000e+03 1.84600000e+03 1.83300000e+03 4.09500000e+03 1.84000000e+03 1.86100000e+03 1.89500000e+03 1.85400000e+03 1.86300000e+03
 1.81400000e+03 1.81100000e+03 1.81500000e+03 1.81300000e+03 1.84600000e+03 1.83500000e+03 4.09500000e+03 1.84000000e+03 1.86300000e+03 1.89500000e+03 1.85300000e+03 1.86300000e+03
 1.81400000e+03 1.81400000e+03 1.81800000e+03 1.81100000e+03 1.84600000e+03 1.83100000e+03 4.09500000e+03 1.84000000e+03 1.86200000e+03 1.90200000e+03 1.85300000e+03 1.86200000e+03
 1.81500000e+03 1.81400000e+03 1.81800000e+03 1.81000000e+03 1.85000000e+03 1.83300000e+03 4.09500000e+03 1.84000000e+03 1.86500000e+03 1.89900000e+03 1.85400000e+03 1.86300000e+03
 1.81400000e+03 1.81400000e+03 1.81500000e+03 1.81000000e+03 1.84900000e+03 1.83400000e+03 4.09500000e+03 1.84000000e+03 1.86100000e+03 1.89700000e+03 1.85500000e+03 1.86300000e+03
 1.81500000e+03 1.81400000e+03 1.82000000e+03 1.80800000e+03 1.84300000e+03 1.83600000e+03 4.09500000e+03 1.84000000e+03 1.86300000e+03 1.89500000e+03 1.85300000e+03 1.86400000e+03
 1.81400000e+03 1.81100000e+03 1.81900000e+03 1.80900000e+03 1.84500000e+03 1.83000000e+03 4.09500000e+03 1.83900000e+03 1.86200000e+03 1.89700000e+03 1.85000000e+03 1.86200000e+03
 1.81300000e+03 1.81300000e+03 1.81500000e+03 1.80900000e+03 1.84600000e+03 1.83500000e+03 4.09500000e+03 1.84000000e+03 1.86200000e+03 1.89500000e+03 1.85300000e+03 1.86600000e+03
 1.81300000e+03 1.81300000e+03 1.81900000e+03 1.80900000e+03 1.84500000e+03 1.83400000e+03 4.09500000e+03 1.83900000e+03 1.86200000e+03 1.89300000e+03 1.85200000e+03 1.86500000e+03
 1.80900000e+03 1.81800000e+03 1.81800000e+03 1.81000000e+03 1.82900000e+03 1.83400000e+03 4.09500000e+03 1.84000000e+03 1.86200000e+03 1.89800000e+03 1.85300000e+03 1.86300000e+03
 1.81000000e+03 1.81500000e+03 1.81800000e+03 1.81000000e+03 1.84700000e+03 1.83400000e+03 4.09500000e+03 1.84500000e+03 1.86200000e+03 1.89800000e+03 1.85200000e+03 1.86300000e+03
 1.81300000e+03 1.81100000e+03 1.81700000e+03 1.80900000e+03 1.84600000e+03 1.83400000e+03 4.09500000e+03 1.84000000e+03 1.86300000e+03 1.89500000e+03 1.85300000e+03 1.86300000e+03
 1.81400000e+03 1.81500000e+03 1.82200000e+03 1.81100000e+03 1.84500000e+03 1.83300000e+03 4.09500000e+03 1.84000000e+03 1.86500000e+03 1.90000000e+03 1.85100000e+03 1.86200000e+03
 1.81500000e+03 1.81300000e+03 1.82100000e+03 1.81100000e+03 1.84700000e+03 1.83700000e+03 4.09500000e+03 1.84000000e+03 1.86300000e+03 1.89900000e+03 1.85300000e+03 1.85100000e+03
 1.81400000e+03 1.81400000e+03 1.81800000e+03 1.81300000e+03 1.84600000e+03 1.83400000e+03 4.09500000e+03 1.84000000e+03 1.86500000e+03 1.89800000e+03 1.85100000e+03 1.86300000e+03
 1.81400000e+03 1.81300000e+03 1.81900000e+03 1.81000000e+03 1.84400000e+03 1.83500000e+03 4.09500000e+03 1.84100000e+03 1.86300000e+03 1.89700000e+03 1.85400000e+03 1.86300000e+03
 1.81900000e+03 1.81400000e+03 1.81700000e+03 1.81000000e+03 1.84600000e+03 1.83400000e+03 4.09500000e+03 1.84000000e+03 1.86600000e+03 1.89800000e+03 1.85100000e+03 1.86300000e+03
 1.81300000e+03 1.81200000e+03 1.81900000e+03 1.81000000e+03 1.84600000e+03 1.83300000e+03 4.09500000e+03 1.84000000e+03 1.86500000e+03 1.89500000e+03 1.85400000e+03 1.86300000e+03
 1.81700000e+03 1.81500000e+03 1.82100000e+03 1.81300000e+03 1.85000000e+03 1.83700000e+03 4.09500000e+03 1.84000000e+03 1.86300000e+03 1.90100000e+03 1.85400000e+03 1.86700000e+03
 1.81500000e+03 1.81700000e+03 1.81800000e+03 1.80800000e+03 1.84600000e+03 1.83100000e+03 4.09500000e+03 1.84000000e+03 1.86600000e+03 1.89700000e+03 1.85400000e+03 1.86100000e+03
 1.81500000e+03 1.81300000e+03 1.81800000e+03 1.81100000e+03 1.85000000e+03 1.83100000e+03 4.09500000e+03 1.84100000e+03 1.86200000e+03 1.89900000e+03 1.85500000e+03 1.86200000e+03
 1.81300000e+03 1.81500000e+03 1.81800000e+03 1.81100000e+03 1.84700000e+03 1.83300000e+03 4.09500000e+03 1.84100000e+03 1.86500000e+03 1.89900000e+03 1.85300000e+03 1.86200000e+03
 1.81300000e+03 1.81500000e+03 1.81800000e+03 1.80900000e+03 1.84500000e+03 1.83100000e+03 4.09500000e+03 1.84000000e+03 1.86300000e+03 1.89500000e+03 1.85400000e+03 1.86300000e+03
 1.81500000e+03 1.81700000e+03 1.81900000e+03 1.81100000e+03 1.84900000e+03 1.83500000e+03 4.09500000e+03 1.84000000e+03 1.86300000e+03 1.89700000e+03 1.85300000e+03 1.86300000e+03
 1.81800000e+03 1.81400000e+03 1.81800000e+03 1.80900000e+03 1.85000000e+03 1.83300000e+03 4.09500000e+03 1.84000000e+03 1.86600000e+03 1.89900000e+03 1.85500000e+03 1.86500000e+03
 1.81500000e+03 1.81700000e+03 1.81900000e+03 1.80800000e+03 1.84200000e+03 1.83700000e+03 4.09500000e+03 1.84100000e+03 1.86500000e+03 1.89800000e+03 1.85500000e+03 1.86300000e+03
 1.81300000e+03 1.81200000e+03 1.81500000e+03 1.81000000e+03 1.84700000e+03 1.83500000e+03 4.09500000e+03 1.84000000e+03 1.86100000e+03 1.89500000e+03 1.85500000e+03 1.86600000e+03
 1.81400000e+03 1.81300000e+03 1.81700000e+03 1.81000000e+03 1.85200000e+03 1.83300000e+03 4.09500000e+03 1.84000000e+03 1.86300000e+03 1.89900000e+03 1.85600000e+03 1.86200000e+03
 1.81700000e+03 1.81100000e+03 1.81800000e+03 1.81000000e+03 1.84500000e+03 1.83300000e+03 4.09500000e+03 1.84000000e+03 1.86200000e+03 1.89900000e+03 1.85300000e+03 1.86300000e+03
 1.81300000e+03 1.81300000e+03 1.81900000e+03 1.80900000e+03 1.84500000e+03 1.83500000e+03 4.09500000e+03 1.84000000e+03 1.86500000e+03 1.89500000e+03 1.85300000e+03 1.86900000e+03
 1.81500000e+03 1.81400000e+03 1.82100000e+03 1.81100000e+03 1.85400000e+03 1.83400000e+03 4.09500000e+03 1.84000000e+03 1.86500000e+03 1.89700000e+03 1.85700000e+03 1.86700000e+03
 1.81500000e+03 1.81400000e+03 1.81500000e+03 1.80800000e+03 1.84600000e+03 1.83300000e+03 4.09500000e+03 1.84100000e+03 1.86500000e+03 1.89500000e+03 1.85300000e+03 1.86300000e+03
 1.81500000e+03 1.81500000e+03 1.81500000e+03 1.80800000e+03 1.84600000e+03 1.83100000e+03 4.09500000e+03 1.84000000e+03 1.86200000e+03 1.89500000e+03 1.85400000e+03 1.86200000e+03
 1.81300000e+03 1.81300000e+03 1.81900000e+03 1.81000000e+03 1.84400000e+03 1.83500000e+03 4.09500000e+03 1.84000000e+03 1.86500000e+03 1.89500000e+03 1.85500000e+03 1.86700000e+03
 1.81400000e+03 1.81300000e+03 1.81700000e+03 1.80800000e+03 1.84700000e+03 1.83400000e+03 4.09500000e+03 1.84000000e+03 1.86600000e+03 1.89800000e+03 1.85300000e+03 1.86300000e+03
 1.81700000e+03 1.81400000e+03 1.81900000e+03 1.81100000e+03 1.84500000e+03 1.83700000e+03 4.09500000e+03 1.84000000e+03 1.86300000e+03 1.89800000e+03 1.85300000e+03 1.86700000e+03
 1.81100000e+03 1.81500000e+03 1.81700000e+03 1.80800000e+03 1.84500000e+03 1.83400000e+03 4.09500000e+03 1.84000000e+03 1.86200000e+03 1.89800000e+03 1.85200000e+03 1.86600000e+03
 1.81500000e+03 1.81200000e+03 1.81800000e+03 1.81000000e+03 1.84900000e+03 1.83600000e+03 4.09500000e+03 1.84000000e+03 1.86200000e+03 1.89900000e+03 1.85400000e+03 1.86600000e+03
 1.81400000e+03 1.81100000e+03 1.81800000e+03 1.80800000e+03 1.83700000e+03 1.83100000e+03 4.09500000e+03 1.84000000e+03 1.86300000e+03 1.89500000e+03 1.85200000e+03 1.86200000e+03
 1.81900000e+03 1.77700000e+03 1.82300000e+03 1.81400000e+03 1.85000000e+03 1.83500000e+03 4.09500000e+03 1.84000000e+03 1.86700000e+03 1.90200000e+03 1.85600000e+03 1.86200000e+03
 1.81100000e+03 1.81200000e+03 1.81800000e+03 1.80800000e+03 1.84500000e+03 1.83300000e+03 4.09500000e+03 1.84000000e+03 1.86500000e+03 1.89500000e+03 1.85300000e+03 1.86300000e+03
 1.81300000e+03 1.81700000e+03 1.81900000e+03 1.80900000e+03 1.84600000e+03 1.83400000e+03 4.09500000e+03 1.84000000e+03 1.86300000e+03 1.89700000e+03 1.85300000e+03 1.86300000e+03
 1.81500000e+03 1.81300000e+03 1.83900000e+03 1.81800000e+03 1.84700000e+03 1.83000000e+03 4.09500000e+03 1.84000000e+03 1.86500000e+03 1.89900000e+03 1.85500000e+03 1.86300000e+03
 1.81800000e+03 1.81300000e+03 1.81800000e+03 1.81100000e+03 1.85000000e+03 1.83100000e+03 4.09500000e+03 1.84000000e+03 1.86200000e+03 1.89700000e+03 1.85600000e+03 1.86300000e+03
 1.81500000e+03 1.81300000e+03 1.82000000e+03 1.81000000e+03 1.84900000e+03 1.82300000e+03 4.09500000e+03 1.84000000e+03 1.86300000e+03 1.89900000e+03 1.85400000e+03 1.86300000e+03
 1.81200000e+03 1.82500000e+03 1.81500000e+03 1.80900000e+03 1.84900000e+03 1.83700000e+03 4.09500000e+03 1.84000000e+03 1.86300000e+03 1.89500000e+03 1.85500000e+03 1.86700000e+03
 1.81900000e+03 1.81500000e+03 1.82000000e+03 1.80900000e+03 1.85000000e+03 1.83500000e+03 4.09500000e+03 1.83900000e+03 1.86600000e+03 1.85900000e+03 1.85700000e+03 1.86200000e+03
 1.81600000e+03 1.81700000e+03 1.81900000e+03 1.81100000e+03 1.84700000e+03 1.83500000e+03 4.09500000e+03 1.84100000e+03 1.86100000e+03 1.90100000e+03 1.85100000e+03 1.86600000e+03
 1.81400000e+03 1.81300000e+03 1.81900000e+03 1.81100000e+03 1.84600000e+03 1.83100000e+03 4.09500000e+03 1.84000000e+03 1.86600000e+03 1.89900000e+03 1.85400000e+03 1.86500000e+03
 1.80800000e+03 1.83300000e+03 1.80100000e+03 1.77900000e+03 1.86600000e+03 1.81100000e+03 4.09500000e+03 1.84000000e+03 1.86300000e+03 1.89500000e+03 1.85400000e+03 1.86200000e+03
 1.79700000e+03 1.82700000e+03 1.81800000e+03 1.79700000e+03 1.85600000e+03 1.82100000e+03 4.09500000e+03 1.84000000e+03 1.86300000e+03 1.89700000e+03 1.85500000e+03 1.86200000e+03
 1.79800000e+03 1.82600000e+03 1.81900000e+03 1.81100000e+03 1.84500000e+03 1.83100000e+03 4.09500000e+03 1.84000000e+03 1.86200000e+03 1.89000000e+03 1.85700000e+03 1.88500000e+03
 1.81400000e+03 1.81700000e+03 1.81900000e+03 1.81100000e+03 1.84600000e+03 1.83100000e+03 4.09500000e+03 1.84000000e+03 1.86500000e+03 1.88100000e+03 1.85400000e+03 1.86200000e+03
 1.81300000e+03 1.81300000e+03 1.82100000e+03 1.81100000e+03 1.84700000e+03 1.83400000e+03 4.09500000e+03 1.84000000e+03 1.86600000e+03 1.89800000e+03 1.85500000e+03 1.86200000e+03
 1.81500000e+03 1.81100000e+03 1.81900000e+03 1.81000000e+03 1.84500000e+03 1.83300000e+03 4.09500000e+03 1.84000000e+03 1.86300000e+03 1.89800000e+03 1.85400000e+03 1.86300000e+03
 1.81200000e+03 1.81400000e+03 1.81700000e+03 1.81400000e+03 1.84300000e+03 1.83100000e+03 4.09500000e+03 1.84000000e+03 1.86300000e+03 1.90100000e+03 1.85500000e+03 1.86200000e+03
 1.81300000e+03 1.81400000e+03 1.81900000e+03 1.81000000e+03 1.84700000e+03 1.83100000e+03 4.09500000e+03 1.84000000e+03 1.86400000e+03 1.89900000e+03 1.85300000e+03 1.86200000e+03
 1.81500000e+03 1.81300000e+03 1.81800000e+03 1.81300000e+03 1.84600000e+03 1.83500000e+03 4.09500000e+03 1.84000000e+03 1.86100000e+03 1.90100000e+03 1.85100000e+03 1.86500000e+03
 1.81100000e+03 1.81300000e+03 1.81900000e+03 1.80900000e+03 1.84500000e+03 1.83300000e+03 4.09500000e+03 1.84000000e+03 1.86300000e+03 1.89500000e+03 1.85300000e+03 1.86300000e+03
 1.81500000e+03 1.81400000e+03 1.81900000e+03 1.81100000e+03 1.84600000e+03 1.83400000e+03 4.09500000e+03 1.84000000e+03 1.86300000e+03 1.89900000e+03 1.85300000e+03 1.86300000e+03
 1.81300000e+03 1.81800000e+03 1.81700000e+03 1.81000000e+03 1.85100000e+03 1.83400000e+03 4.09500000e+03 1.84100000e+03 1.86100000e+03 1.89700000e+03 1.85500000e+03 1.86000000e+03
